numB:
  composition: 0
  errDn: -20.60777415540585
  errUp: 20.60777415540585
  error: 20.60777415540585
  value: 445.655477057107
numC:
  composition: 0
  errDn: -49.34795066358606
  errUp: 49.34795066358606
  error: 49.34795066358606
  value: 1116.0124226387134
numL:
  composition: 0
  errDn: -46.186400658877574
  errUp: 46.186400658877574
  error: 46.186400658877574
  value: 1895.4731425586847
