numB:
  composition: 0
  errDn: -55.55878503805684
  errUp: 55.55878503805684
  error: 55.55878503805684
  value: 2742.0593875893624
numC:
  composition: 0
  errDn: -39.08359740224762
  errUp: 39.08359740224762
  error: 39.08359740224762
  value: 465.0896282489827
numL:
  composition: 0
  errDn: -29.806735060896337
  errUp: 29.806735060896337
  error: 29.806735060896337
  value: 85.37242816146804
