emptyFAKE: 0
nB:
  composition: 0.1
  value: 2362.4420755225906
nC:
  composition: 0.2
  value: 4724.884151045181
nDATA:
  value: 29530.525944032383
nFAKE:
  composition: 0.2
  value: 5906.105188806477
nL:
  composition: 0.7
  value: 16537.094528658134
nSIGN:
  value: 23624.420755225907
