numC:
  errDn: 72.86545816359694
  errUp: 74.16013110576614
  error: 74.16013110576614
  value: 3419.60302734375
