numC:
  errDn: 87.9018206835899
  errUp: 88.19590788823825
  error: 100
  value: 2900
