numL:
  errDn: 97.17127435114162
  errUp: 97.87172502704561
  error: 97.87172502704561
  value: 23392.6640625
