numB:
  errDn: 23.60228084076641
  errUp: 24.07144701761763
  error: 24.07144701761763
  value: 639.4910278320312
