numB:
  errDn: 357.47782831820405
  errUp: 1.7726165856381613
  error: 357.47782831820405
  value: 380
