numB:
  composition: 0
  errDn: -4.285295720486783
  errUp: 4.285295720486783
  error: 4.285295720486783
  value: 9.21881493241745
numC:
  composition: 0
  errDn: -16.697975358410314
  errUp: 16.697975358410314
  error: 16.697975358410314
  value: 53.69575594841198
numL:
  composition: 0
  errDn: -21.114129700571397
  errUp: 21.114129700571397
  error: 21.114129700571397
  value: 465.07816130323806
