nFAKE:
  composition: 0.05514279586872677
  error: 53.46769453278523
  value: 1882.354707505602
nSIGN:
  composition: 0.9448572041312733
  error: 181.67844295086252
  value: 32253.64942233115
