numB:
  composition: 0
  errDn: -3.7664374883489673
  errUp: 3.7664374883489673
  error: 3.7664374883489673
  value: 13.235154735511571
numC:
  composition: 0
  errDn: -10.25167339435756
  errUp: 10.25167339435756
  error: 10.25167339435756
  value: 23.487972267834632
numL:
  composition: 0
  errDn: -10.959617229357185
  errUp: 10.959617229357185
  error: 10.959617229357185
  value: 131.9985420192875
