nFAKE:
  composition: 0.07888477984837546
  error: 74.7224504573137
  value: 3073.0377587896314
nSIGN:
  composition: 0.9211152201516246
  error: 193.65866567954436
  value: 35882.99108094753
