numB:
  composition: 0
  errDn: -74.40418361273987
  errUp: 74.40418361273987
  error: 74.40418361273987
  value: 3545.1739361543505
numC:
  composition: 0
  errDn: -245.5259012577808
  errUp: 245.5259012577808
  error: 245.5259012577808
  value: 21137.683221087675
numL:
  composition: 0
  errDn: -297.661353230018
  errUp: 297.661353230018
  error: 297.661353230018
  value: 104724.9761550214
