emptyFAKE: 0
nB:
  composition: 0.1
  value: 1805.7552951004827
nC:
  composition: 0.2
  value: 3611.5105902009655
nDATA:
  value: 22571.94118875603
nFAKE:
  composition: 0.2
  value: 4514.388237751206
nL:
  composition: 0.7
  value: 12640.287065703376
nSIGN:
  value: 18057.552951004825
