numL:
  errDn: 84.93121640581376
  errUp: 85.34449061996565
  error: 85.34449061996565
  value: 17875.826171875
