numB:
  errDn: 339.98898706671264
  errUp: 1.539520998075659
  error: 339.98898706671264
  value: 300
