numB:
  errDn: 21.35856269394145
  errUp: 21.752170121118183
  error: 21.752170121118183
  value: 524.0547485351562
