numC:
  errDn: 75.05366236277587
  errUp: 76.20059152244994
  error: 500
  value: 2200
