numC:
  errDn: 62.24744437778327
  errUp: 62.72078159892271
  error: 62.72078159892271
  value: 2572.746337890625
