numB:
  composition: 0
  errDn: -23.005382859198846
  errUp: 23.005382859198846
  error: 23.005382859198846
  value: 21.28410304971278
numC:
  composition: 0
  errDn: -46.544921142605304
  errUp: 46.544921142605304
  error: 46.544921142605304
  value: 251.12431445234114
numL:
  composition: 0
  errDn: -41.62675577853463
  errUp: 41.62675577853463
  error: 41.62675577853463
  value: 1322.7305231110508
