rB:
  errDn: -0.11718103852022788
  errUp: 0.11718103852022788
  error: 0.11718103852022788
  value: 1.6891354824642038
rC:
  errDn: -0.012812014085971324
  errUp: 0.012812014085971324
  error: 0.012812014085971324
  value: 0.5778701992490067
rL:
  errDn: -0.0024318612587046493
  errUp: 0.0024318612587046493
  error: 0.0024318612587046493
  value: 0.017585556277482112
