emptyFAKE: 0
nB:
  composition: 0.1
  value: 44.49037030637027
nC:
  composition: 0.2
  value: 88.98074061274053
nDATA:
  value: 556.1296288296282
nFAKE:
  composition: 0.2
  value: 111.22592576592565
nL:
  composition: 0.7
  value: 311.4325921445918
nSIGN:
  value: 444.9037030637026
