numB:
  errDn: 10.660297398443873
  errUp: 10.88627068551017
  error: 10.88627068551017
  value: 216.12237548828125
