numL:
  errDn: 9.518714788292584
  errUp: 9.786180185683818
  error: 9.786180185683818
  value: 109.43049621582031
