numB:
  errDn: 11.09981628700271
  errUp: 11.386362214540384
  error: 11.386362214540384
  value: 227.145751953125
