numC:
  errDn: 11.412131699234862
  errUp: 11.682351344277265
  error: 11.682351344277265
  value: 173.8248291015625
