numC:
  errDn: 11.274060653360294
  errUp: 11.516329449916157
  error: 11.516329449916157
  value: 163.94400024414062
