numB:
  composition: 0
  errDn: -2.4133087571256686
  errUp: 2.4133087571256686
  error: 2.4133087571256686
  value: 4.375761450684468
numC:
  composition: 0
  errDn: -13.203358982796956
  errUp: 13.203358982796956
  error: 13.203358982796956
  value: 76.59688633927668
numL:
  composition: 0
  errDn: -15.78185299995397
  errUp: 15.78185299995397
  error: 15.78185299995397
  value: 334.72131527881925
