emptyFAKE: 0
nB:
  composition: 0.1
  value: 34.080000000000005
nC:
  composition: 0.2
  value: 68.16000000000001
nDATA:
  value: 426.0
nFAKE:
  composition: 0.2
  value: 85.2
nL:
  composition: 0.7
  value: 238.56
