numFAKE:
  composition: 0
  errDn: -4.678258020599657
  errUp: 4.678258020599657
  error: 4.678258020599657
  value: 9.95731184006786
numSIGN:
  composition: 0
  errDn: -20.335086638990504
  errUp: 20.335086638990504
  error: 20.335086638990504
  value: 416.0465637299513
