numB:
  composition: 0
  errDn: -3.6044931482307705
  errUp: 3.6044931482307705
  error: 3.6044931482307705
  value: 13.262424211778193
numC:
  composition: 0
  errDn: -2.688768997091087
  errUp: 2.688768997091087
  error: 2.688768997091087
  value: 3.139365086148773
numL:
  composition: 0
  errDn: -1.666276746225043
  errUp: 1.666276746225043
  error: 1.666276746225043
  value: 1.3560967041039194
