numB:
  composition: 0
  errDn: -22.68196046073365
  errUp: 22.68196046073365
  error: 22.68196046073365
  value: 532.6730837725448
numC:
  composition: 0
  errDn: -83.31875147001756
  errUp: 83.31875147001756
  error: 83.31875147001756
  value: 2645.388625768141
numL:
  composition: 0
  errDn: -107.34974398254599
  errUp: 107.34974398254599
  error: 107.34974398254599
  value: 19007.586606817888
