numB:
  composition: 0
  errDn: -38.01547606338477
  errUp: 38.01547606338477
  error: 38.01547606338477
  value: 2379.724997753838
numC:
  composition: 0
  errDn: -32.24693122205949
  errUp: 32.24693122205949
  error: 32.24693122205949
  value: 312.43737198692867
numL:
  composition: 0
  errDn: -28.23439515451888
  errUp: 28.23439515451888
  error: 28.23439515451888
  value: 124.79646773633105
