numB:
  composition: 0
  errDn: -31.352970151865748
  errUp: 31.352970151865748
  error: 31.352970151865748
  value: 65.80860750113595
numC:
  composition: 0
  errDn: -55.22629341334448
  errUp: 55.22629341334448
  error: 55.22629341334448
  value: 1213.7046624877044
numL:
  composition: 0
  errDn: -42.19554559252987
  errUp: 42.19554559252987
  error: 42.19554559252987
  value: 688.9985167775175
