emptyFAKE: 0
nB:
  composition: 0.1
  value: 10332.094889391272
nC:
  composition: 0.2
  value: 20664.189778782544
nDATA:
  value: 129151.18611739087
nFAKE:
  composition: 0.2
  value: 25830.237223478176
nL:
  composition: 0.7
  value: 72324.66422573889
nSIGN:
  value: 103320.9488939127
