numB:
  composition: 0
  errDn: -53.918528279816655
  errUp: 53.918528279816655
  error: 53.918528279816655
  value: 3191.4801360694705
numC:
  composition: 0
  errDn: -181.62544611722842
  errUp: 181.62544611722842
  error: 181.62544611722842
  value: 16796.58197827151
numL:
  composition: 0
  errDn: -238.39245003250835
  errUp: 238.39245003250835
  error: 238.39245003250835
  value: 97539.52108423307
