numB:
  errDn: 166.89558371094654
  errUp: 15.362231799795154
  error: 166.89558371094654
  value: 3191.0
