numL:
  errDn: 199.75369507848518
  errUp: 199.94689797806495
  error: 199.94689797806495
  value: 92274.3125
