numC:
  errDn: 170.86587845789109
  errUp: 171.27298413731478
  error: 171.27298413731478
  value: 24262.115234375
