numC:
  errDn: 145.7293614816117
  errUp: 146.1858128424028
  error: 146.1858128424028
  value: 16797.38671875
