numB:
  errDn: 44.34988491459853
  errUp: 44.74233305937423
  error: 44.74233305937423
  value: 2477.596435546875
