rB:
  errDn: -0.0026993639137516253
  errUp: 0.0026993639137516253
  error: 0.0026993639137516253
  value: 1.093959992037874e-14
rC:
  errDn: -0.0003154135800001441
  errUp: 0.0003154135800001441
  error: 0.0003154135800001441
  value: 7.224108464209955e-13
rL:
  errDn: -0.001946350208287817
  errUp: 0.001946350208287817
  error: 0.001946350208287817
  value: 0.6988871084263164
