numB:
  composition: 0
  errDn: -11.322831322780985
  errUp: 11.322831322780985
  error: 11.322831322780985
  value: 61.54279535407699
numC:
  composition: 0
  errDn: -44.03296367251633
  errUp: 44.03296367251633
  error: 44.03296367251633
  value: 342.8866674357248
numL:
  composition: 0
  errDn: -56.6147152240228
  errUp: 56.6147152240228
  error: 56.6147152240228
  value: 3513.680802159442
