rB:
  errDn: -0.001839363933869187
  errUp: 0.001839363933869187
  error: 0.001839363933869187
  value: 1.9999999999954525
rC:
  errDn: -0.012549103107953208
  errUp: 0.012549103107953208
  error: 0.012549103107953208
  value: 0.39890850653882004
rL:
  errDn: -0.005151347278369939
  errUp: 0.005151347278369939
  error: 0.005151347278369939
  value: 0.4661471880931585
