rB:
  errDn: -0.017888910163491006
  errUp: 0.017888910163491006
  error: 0.017888910163491006
  value: 0.004463269250266476
rC:
  errDn: -0.01883617336113307
  errUp: 0.01883617336113307
  error: 0.01883617336113307
  value: 0.052319105247479826
rL:
  errDn: -0.01735064830705285
  errUp: 0.01735064830705285
  error: 0.01735064830705285
  value: 0.5752429346371002
