numB:
  composition: 0
  errDn: -2.1372502359612504
  errUp: 2.1372502359612504
  error: 2.1372502359612504
  value: 3.7379519870724818
numC:
  composition: 0
  errDn: -2.127969446745918
  errUp: 2.127969446745918
  error: 2.127969446745918
  value: 2.832903850946452
numL:
  composition: 0
  errDn: -2.4571040694738335
  errUp: 2.4571040694738335
  error: 2.4571040694738335
  value: 5.7977318399142055
