nB:
  composition: 0.03726555498228019
  error: 9.155185101918171
  value: 70.39814580536753
nC:
  composition: 0.1611912645178021
  error: 34.095798251727444
  value: 304.50549166573745
nFAKE:
  error: 12.884029650655002
  value: 83.93969386766015
nL:
  composition: 0.8015431804999177
  error: 35.54331736343215
  value: 1514.1906169641754
