nB:
  composition: 0.03343967253629329
  error: 2.640838365976386
  value: 5.718159454921797
nC:
  composition: 0.17774151256008214
  error: 10.056184557482728
  value: 30.393668163898695
nL:
  composition: 0.7888188149036246
  error: 10.52196166610976
  value: 134.88743825962587
