numB:
  composition: 0
  errDn: -28.86617544085911
  errUp: 28.86617544085911
  error: 28.86617544085911
  value: 522.8830117019766
numC:
  composition: 0
  errDn: -102.3719213179345
  errUp: 102.3719213179345
  error: 102.3719213179345
  value: 2723.8750759072723
numL:
  composition: 0
  errDn: -126.26638017253208
  errUp: 126.26638017253208
  error: 126.26638017253208
  value: 18932.887650156204
