nFAKE:
  composition: 0.0816534759026885
  error: 39.720201205124624
  value: 846.754528749289
nSIGN:
  composition: 0.9183465240973115
  error: 101.25157823913469
  value: 9523.343245880891
