numB:
  composition: 0
  errDn: -30.097043151103946
  errUp: 30.097043151103946
  error: 30.097043151103946
  value: 803.6668053088677
numC:
  composition: 0
  errDn: -116.77573715011317
  errUp: 116.77573715011317
  error: 116.77573715011317
  value: 3893.5234702220787
numL:
  composition: 0
  errDn: -137.4815864082302
  errUp: 137.4815864082302
  error: 137.4815864082302
  value: 26322.525447424818
