emptyFAKE: 0
nB:
  composition: 0.1
  value: 2728.094975194488
nC:
  composition: 0.2
  value: 5456.189950388976
nDATA:
  value: 34101.18718993109
nFAKE:
  composition: 0.2
  value: 6820.237437986219
nL:
  composition: 0.7
  value: 19096.66482636141
nSIGN:
  value: 27280.949751944878
