numL:
  errDn: 103.41928482835283
  errUp: 104.05041983896444
  error: 104.05041983896444
  value: 24027.037109375
