numB:
  errDn: 21.91772253787127
  errUp: 22.32360070896607
  error: 22.32360070896607
  value: 523.28662109375
