numB:
  errDn: 50.73168498081475
  errUp: 14.710948855775769
  error: 50.73168498081475
  value: 803.0
