numC:
  errDn: 80.08310682919728
  errUp: 80.46453943989127
  error: 80.46453943989127
  value: 3894.4912109375
