numC:
  errDn: 93.46639026702633
  errUp: 94.23247615809578
  error: 94.23247615809578
  value: 6832.10791015625
