numB:
  composition: 0
  errDn: -10.637811903327059
  errUp: 10.637811903327059
  error: 10.637811903327059
  value: 7.1506796870227305
numC:
  composition: 0
  errDn: -26.926048228624676
  errUp: 26.926048228624676
  error: 26.926048228624676
  value: 51.8647047184138
numL:
  composition: 0
  errDn: -25.583872705968105
  errUp: 25.583872705968105
  error: 25.583872705968105
  value: 489.3387038963107
