numB:
  composition: 0
  errDn: -39.867318783082624
  errUp: 39.867318783082624
  error: 39.867318783082624
  value: 2009.0330878134757
numC:
  composition: 0
  errDn: -146.07425891488947
  errUp: 146.07425891488947
  error: 146.07425891488947
  value: 10324.60001449235
numL:
  composition: 0
  errDn: -197.7381260406837
  errUp: 197.7381260406837
  error: 197.7381260406837
  value: 66692.0978230098
