rB:
  errDn: -0.016309451906426
  errUp: 0.016309451906426
  error: 0.016309451906426
  value: 5.010927318698996e-09
rC:
  errDn: -0.012581617450811267
  errUp: 0.012581617450811267
  error: 0.012581617450811267
  value: 1.0111267678870546
rL:
  errDn: -0.007221051935610845
  errUp: 0.007221051935610845
  error: 0.007221051935610845
  value: 0.521772651673982
