numC:
  errDn: 1.5552648629538264
  errUp: 1.8563144894334274
  error: 1.8563144894334274
  value: 2.88580060005188
