numC:
  errDn: 75.35142799875484
  errUp: 75.90311069542986
  error: 75.90311069542986
  value: 4453.69677734375
