numL:
  errDn: 87.20212593163524
  errUp: 87.56378712379592
  error: 87.56378712379592
  value: 17683.427734375
