numB:
  errDn: 17.587967467843328
  errUp: 17.944571301222993
  error: 17.944571301222993
  value: 376.6890563964844
