numB:
  errDn: 115.92159261070344
  errUp: 3.624405651698794
  error: 115.92159261070344
  value: 532.0
