numC:
  errDn: 62.93067129905785
  errUp: 63.27759668798262
  error: 63.27759668798262
  value: 2647.314453125
