numB:
  composition: 0
  errDn: -20.02211098845055
  errUp: 20.02211098845055
  error: 20.02211098845055
  value: 249.95292974099414
numC:
  composition: 0
  errDn: -35.05390658693145
  errUp: 35.05390658693145
  error: 35.05390658693145
  value: 522.2525168075232
numL:
  composition: 0
  errDn: -33.180131625722424
  errUp: 33.180131625722424
  error: 33.180131625722424
  value: 1013.6579287366393
