numB:
  composition: 0
  errDn: -0.6822404282143488
  errUp: 0.6822404282143488
  error: 0.6822404282143488
  value: 0.33388381143554174
numC:
  composition: 0
  errDn: -3.1854086521031952
  errUp: 3.1854086521031952
  error: 3.1854086521031952
  value: 3.6054130631962407
numL:
  composition: 0
  errDn: -4.5733877518421835
  errUp: 4.5733877518421835
  error: 4.5733877518421835
  value: 37.117850044171405
