numB:
  composition: 0
  errDn: -3.2255368802489928
  errUp: 3.2255368802489928
  error: 3.2255368802489928
  value: 8.478190829891965
numC:
  composition: 0
  errDn: -3.9807225838084337
  errUp: 3.9807225838084337
  error: 3.9807225838084337
  value: 6.611249324936914
numL:
  composition: 0
  errDn: -3.301104023184505
  errUp: 3.301104023184505
  error: 3.301104023184505
  value: 7.2572078873153885
