numB:
  errDn: 8.253733747967473
  errUp: 8.531944035840354
  error: 8.531944035840354
  value: 109.22607421875
