numL:
  errDn: 9.46626928296513
  errUp: 9.72139760992934
  error: 9.72139760992934
  value: 149.74375915527344
