numC:
  errDn: 9.272699917081837
  errUp: 9.563665989618869
  error: 9.563665989618869
  value: 121.43694305419922
