numC:
  errDn: 8.98238744850056
  errUp: 9.271382246963356
  error: 9.271382246963356
  value: 113.89918518066406
