numB:
  errDn: 8.098442863053151
  errUp: 8.37536208711947
  error: 8.37536208711947
  value: 104.64942169189453
