numB:
  composition: 0
  errDn: -7.740419584519181
  errUp: 7.740419584519181
  error: 7.740419584519181
  value: 73.98015535548795
numC:
  composition: 0
  errDn: -11.728801033804174
  errUp: 11.728801033804174
  error: 11.728801033804174
  value: 48.66293094367128
numL:
  composition: 0
  errDn: -10.536385326905403
  errUp: 10.536385326905403
  error: 10.536385326905403
  value: 70.14887077443338
