emptyFAKE: 0
nB:
  composition: 0.1
  value: 16.988712612886978
nC:
  composition: 0.2
  value: 33.977425225773956
nDATA:
  value: 212.3589076610872
nFAKE:
  composition: 0.2
  value: 42.47178153221744
nL:
  composition: 0.7
  value: 118.92098829020883
nSIGN:
  value: 169.88712612886977
