numB:
  errDn: 6.462067845437332
  errUp: 6.740161158396063
  error: 6.740161158396063
  value: 70.7309799194336
