numC:
  errDn: 6.984493699583929
  errUp: 7.272510198562664
  error: 7.272510198562664
  value: 56.104854583740234
