numB:
  errDn: 6.195693931562296
  errUp: 6.475906437655624
  error: 6.475906437655624
  value: 66.33349609375
