numC:
  errDn: 7.107617807493874
  errUp: 7.469555012938493
  error: 7.469555012938493
  value: 53.19513702392578
