numL:
  errDn: 6.837406972744013
  errUp: 7.142049446184188
  error: 7.142049446184188
  value: 67.9801254272461
