numFAKE:
  composition: 0
  errDn: -78.63948018132123
  errUp: 78.63948018132123
  error: 78.63948018132123
  value: 3526.1803500198735
numSIGN:
  composition: 0
  errDn: -188.21782331150825
  errUp: 188.21782331150825
  error: 188.21782331150825
  value: 32556.8217634851
