numB:
  composition: 0
  errDn: -32.41252359473617
  errUp: 32.41252359473617
  error: 32.41252359473617
  value: 1000.0695614972929
numC:
  composition: 0
  errDn: -128.8617139778953
  errUp: 128.8617139778953
  error: 128.8617139778953
  value: 5706.8677210551705
numL:
  composition: 0
  errDn: -149.0174006017205
  errUp: 149.0174006017205
  error: 149.0174006017205
  value: 25683.251573568316
