numB:
  errDn: 2.9104566674438956
  errUp: 337.17933104485064
  error: 337.17933104485064
  value: 1000.0
