numC:
  errDn: 95.74748031502077
  errUp: 97.53047012961542
  error: 97.53047012961542
  value: 7679.134765625
