numFAKE:
  errDn: 479.4869208287814
  errUp: 11.876000635893888
  error: 479.4869208287814
  value: 3526.0
