numSIGN:
  errDn: 184.27587636107273
  errUp: 184.95853270782027
  error: 184.95853270782027
  value: 32556.890625
