numC:
  errDn: 87.76179655118176
  errUp: 88.10441243561036
  error: 88.10441243561036
  value: 5707.11474609375
