numFAKE:
  errDn: 78.61539794133296
  errUp: 79.77299493870532
  error: 79.77299493870532
  value: 3639.270263671875
