numB:
  errDn: 26.626304064992496
  errUp: 27.02823120761525
  error: 27.02823120761525
  value: 790.8896484375
