numSIGN:
  errDn: 182.88239893851642
  errUp: 183.91876313645844
  error: 183.91876313645844
  value: 31148.109375
