numL:
  errDn: 106.01734267204665
  errUp: 106.23403545246401
  error: 106.23403545246401
  value: 24135.572265625
