numB:
  composition: 0
  errDn: -58.468522137681475
  errUp: 58.468522137681475
  error: 58.468522137681475
  value: 3647.18176876988
numC:
  composition: 0
  errDn: -203.8804020264979
  errUp: 203.8804020264979
  error: 203.8804020264979
  value: 20337.924929582565
numL:
  composition: 0
  errDn: -248.44540540266462
  errUp: 248.44540540266462
  error: 248.44540540266462
  value: 105554.42723117881
