emptyFAKE: 0
nB:
  composition: 0.1
  value: 66.38450749858508
nC:
  composition: 0.2
  value: 132.76901499717016
nDATA:
  value: 829.8063437323135
nFAKE:
  composition: 0.2
  value: 165.9612687464627
nL:
  composition: 0.7
  value: 464.69155249009555
nSIGN:
  value: 663.8450749858508
