numC:
  errDn: 14.862979227966491
  errUp: 15.133352391208007
  error: 15.133352391208007
  value: 264.599609375
