numB:
  errDn: 12.371698460786206
  errUp: 12.722411301154978
  error: 12.722411301154978
  value: 263.0687561035156
