numL:
  errDn: 13.427656107165006
  errUp: 13.675131029063124
  error: 13.675131029063124
  value: 222.61972045898438
