numC:
  errDn: 14.93422862913431
  errUp: 15.185214090559043
  error: 15.185214090559043
  value: 263.9548034667969
