numB:
  errDn: 12.867653244598046
  errUp: 13.276587273300777
  error: 13.276587273300777
  value: 268.2837219238281
