rB:
  errDn: -0.010201304565923108
  errUp: 0.010201304565923108
  error: 0.010201304565923108
  value: 0.5243658002025599
rC:
  errDn: -0.005260408058024555
  errUp: 0.005260408058024555
  error: 0.005260408058024555
  value: 0.023316093173179425
rL:
  errDn: -0.0018975917566459678
  errUp: 0.0018975917566459678
  error: 0.0018975917566459678
  value: 1.249609514713916e-10
