rB:
  errDn: -0.009680420079085483
  errUp: 0.009680420079085483
  error: 0.009680420079085483
  value: 0.5262891646805139
rC:
  errDn: -0.004976430524581962
  errUp: 0.004976430524581962
  error: 0.004976430524581962
  value: 0.020877367962447244
rL:
  errDn: -0.0030338318667569846
  errUp: 0.0030338318667569846
  error: 0.0030338318667569846
  value: 3.222263601776465e-10
