numB:
  composition: 0
  errDn: -4.166300699996203
  errUp: 4.166300699996203
  error: 4.166300699996203
  value: 16.812404855950945
numC:
  composition: 0
  errDn: -3.0742042297654257
  errUp: 3.0742042297654257
  error: 3.0742042297654257
  value: 1.66312071285111
numL:
  composition: 0
  errDn: -2.155324294347726
  errUp: 2.155324294347726
  error: 2.155324294347726
  value: 2.6199677813343243
