numB:
  composition: 0
  errDn: -15.234847815174845
  errUp: 15.234847815174845
  error: 15.234847815174845
  value: 199.79931197411904
numC:
  composition: 0
  errDn: -15.52989763834509
  errUp: 15.52989763834509
  error: 15.52989763834509
  value: 89.3592322471956
numL:
  composition: 0
  errDn: -12.236910788822804
  errUp: 12.236910788822804
  error: 12.236910788822804
  value: 95.26091200102319
