emptyFAKE: 0
nB:
  composition: 0.1
  value: 32.720000000000006
nC:
  composition: 0.2
  value: 65.44000000000001
nDATA:
  value: 409.0
nFAKE:
  composition: 0.2
  value: 81.80000000000001
nL:
  composition: 0.7
  value: 229.04000000000002
nSIGN:
  value: 327.20000000000005
