numFAKE:
  composition: 0
  errDn: -6.510502818878452
  errUp: 6.510502818878452
  error: 6.510502818878452
  value: 25.973270677104274
numSIGN:
  composition: 0
  errDn: -19.854654983901554
  errUp: 19.854654983901554
  error: 19.854654983901554
  value: 383.02688795107406
