numB:
  composition: 0
  errDn: -11.714174068557746
  errUp: 11.714174068557746
  error: 11.714174068557746
  value: 15.120748137963039
numC:
  composition: 0
  errDn: -20.80805582253152
  errUp: 20.80805582253152
  error: 20.80805582253152
  value: 112.73630327736693
numL:
  composition: 0
  errDn: -16.500298436677205
  errUp: 16.500298436677205
  error: 16.500298436677205
  value: 131.70971875222045
