nFAKE:
  composition: 0.05531333252000864
  error: 53.99766550318964
  value: 1888.1761379194536
nSIGN:
  composition: 0.9446866674799913
  error: 182.3564156297689
  value: 32247.827821640178
