nB:
  composition: 0.03449808281153225
  error: 32.89589747939647
  value: 1111.5414821879153
nC:
  composition: 0.19426779140709044
  error: 147.1273019290079
  value: 6259.382875903622
nFAKE:
  error: 55.387585347808226
  value: 1915.6128926919769
nL:
  composition: 0.7712341257813773
  error: 152.21140978239055
  value: 24849.45983718153
