numFAKE:
  composition: 0
  errDn: -62.63976654750513
  errUp: 62.63976654750513
  error: 62.63976654750513
  value: 2705.049340041709
numSIGN:
  composition: 0
  errDn: -161.10743443019965
  errUp: 161.10743443019965
  error: 161.10743443019965
  value: 25115.986754084
