numB:
  composition: 0
  errDn: -27.091004834856108
  errUp: 27.091004834856108
  error: 27.091004834856108
  value: 678.2405117708136
numC:
  composition: 0
  errDn: -121.79922519495085
  errUp: 121.79922519495085
  error: 121.79922519495085
  value: 4631.82100689355
numL:
  composition: 0
  errDn: -135.13325836461627
  errUp: 135.13325836461627
  error: 135.13325836461627
  value: 19748.7021990918
