numL:
  errDn: 93.37671861668423
  errUp: 93.58997207267748
  error: 93.58997207267748
  value: 18441.037109375
