numB:
  errDn: 22.373486748295022
  errUp: 22.7628781768683
  error: 22.7628781768683
  value: 520.6611938476562
