numC:
  errDn: 85.73555503260559
  errUp: 87.6585686466542
  error: 87.6585686466542
  value: 6245.9716796875
