numC:
  errDn: 79.73189031246147
  errUp: 80.05562624215781
  error: 80.05562624215781
  value: 4632.58251953125
