numSIGN:
  errDn: 159.96860039185412
  errUp: 160.8765743938893
  error: 160.8765743938893
  value: 24312.521484375
