numFAKE:
  errDn: 240.4178230783432
  errUp: 15.576747905915
  error: 240.4178230783432
  value: 2705.0
