numFAKE:
  errDn: 62.11028367763038
  errUp: 64.05327676570596
  error: 64.05327676570596
  value: 2743.9130859375
