numB:
  errDn: 2.257634898799779
  errUp: 308.3646369953849
  error: 308.3646369953849
  value: 678.0
