numSIGN:
  errDn: 160.01401119892398
  errUp: 162.29188553097265
  error: 162.29188553097265
  value: 25115.171875
