numB:
  composition: 0
  errDn: -0.9633693901025177
  errUp: 0.9633693901025177
  error: 0.9633693901025177
  value: 1.5317161861312518
numC:
  composition: 0
  errDn: -2.3219328230929017
  errUp: 2.3219328230929017
  error: 2.3219328230929017
  value: 2.250530281959907
numL:
  composition: 0
  errDn: -3.226319733717414
  errUp: 3.226319733717414
  error: 3.226319733717414
  value: 18.963716019077967
