emptyFAKE: 0
nB:
  composition: 0.1
  value: 2.018394488716838
nC:
  composition: 0.2
  value: 4.036788977433676
nDATA:
  value: 25.229931108960468
nFAKE:
  composition: 0.2
  value: 5.045986221792094
nL:
  composition: 0.7
  value: 14.128761421017863
nSIGN:
  value: 20.183944887168376
