numB:
  errDn: 0.7515934578038869
  errUp: 0.5982503890991211
  error: 0.7515934578038869
  value: 1.4007495641708374
