numC:
  errDn: 1.7854583559162425
  errUp: 2.1785578670830663
  error: 2.1785578670830663
  value: 2.9306211471557617
