numB:
  errDn: 0.3599354680648712
  errUp: 0.996666669845581
  error: 5
  value: 1.5
