numB:
  composition: 0
  errDn: -7.591937151600604
  errUp: 7.591937151600604
  error: 7.591937151600604
  value: 62.69361823214799
numC:
  composition: 0
  errDn: -32.465462321523574
  errUp: 32.465462321523574
  error: 32.465462321523574
  value: 337.1889724063184
numL:
  composition: 0
  errDn: -44.84426861603333
  errUp: 44.84426861603333
  error: 44.84426861603333
  value: 3517.642819755813
