numB:
  composition: 0
  errDn: -51.87368391813334
  errUp: 51.87368391813334
  error: 51.87368391813334
  value: 2390.9097164835875
numC:
  composition: 0
  errDn: -37.09269207506222
  errUp: 37.09269207506222
  error: 37.09269207506222
  value: 288.6497542257719
numL:
  composition: 0
  errDn: -32.168598243546256
  errUp: 32.168598243546256
  error: 32.168598243546256
  value: 136.8705916899927
