numB:
  composition: 0
  errDn: -4.917320582191012
  errUp: 4.917320582191012
  error: 4.917320582191012
  value: 23.87536140262642
numC:
  composition: 0
  errDn: -13.831835374539217
  errUp: 13.831835374539217
  error: 13.831835374539217
  value: 49.740273695114354
numL:
  composition: 0
  errDn: -14.277392443361563
  errUp: 14.277392443361563
  error: 14.277392443361563
  value: 210.0143728907022
