numB:
  composition: 0
  errDn: -5.2161136976385825
  errUp: 5.2161136976385825
  error: 5.2161136976385825
  value: 17.75830419400012
numC:
  composition: 0
  errDn: -10.400040038247788
  errUp: 10.400040038247788
  error: 10.400040038247788
  value: 41.552244333750856
numL:
  composition: 0
  errDn: -10.143101525395728
  errUp: 10.143101525395728
  error: 10.143101525395728
  value: 100.85886817725034
