numB:
  composition: 0
  errDn: -12.545272172619065
  errUp: 12.545272172619065
  error: 12.545272172619065
  value: 235.2684386851896
numC:
  composition: 0
  errDn: -15.74562066842816
  errUp: 15.74562066842816
  error: 15.74562066842816
  value: 154.64784040405692
numL:
  composition: 0
  errDn: -12.57119905560775
  errUp: 12.57119905560775
  error: 12.57119905560775
  value: 114.70321171650454
