numB:
  composition: 0
  errDn: -21.97813694043151
  errUp: 21.97813694043151
  error: 21.97813694043151
  value: 534.4881288782598
numC:
  composition: 0
  errDn: -54.465088574709284
  errUp: 54.465088574709284
  error: 54.465088574709284
  value: 1458.7538039188055
numL:
  composition: 0
  errDn: -52.405764942805035
  errUp: 52.405764942805035
  error: 52.405764942805035
  value: 2586.4818646253298
