numB:
  composition: 0
  errDn: -38.2750846880308
  errUp: 38.2750846880308
  error: 38.2750846880308
  value: 123.67821884999321
numC:
  composition: 0
  errDn: -96.73587054947609
  errUp: 96.73587054947609
  error: 96.73587054947609
  value: 1673.6528431814072
numL:
  composition: 0
  errDn: -99.59851162918949
  errUp: 99.59851162918949
  error: 99.59851162918949
  value: 13833.382059199417
