numB:
  errDn: 17.37321146166755
  errUp: 17.773572651949507
  error: 17.773572651949507
  value: 308.1999206542969
