numL:
  errDn: 84.25948017564224
  errUp: 84.74951632526427
  error: 84.74951632526427
  value: 16214.4833984375
