numC:
  errDn: 74.82489078399249
  errUp: 76.43318050289236
  error: 76.43318050289236
  value: 4250.5810546875
