numB:
  errDn: 111.19576428621548
  errUp: 4.27413927370992
  error: 111.19576428621548
  value: 511.0
