numC:
  errDn: 62.784562896128136
  errUp: 63.18654191671794
  error: 63.18654191671794
  value: 2282.82861328125
