numB:
  composition: 0
  errDn: -36.799551479775346
  errUp: 36.799551479775346
  error: 36.799551479775346
  value: 85.05916126508808
numC:
  composition: 0
  errDn: -79.1759222519546
  errUp: 79.1759222519546
  error: 79.1759222519546
  value: 1707.2322407154902
numL:
  composition: 0
  errDn: -65.36111482980823
  errUp: 65.36111482980823
  error: 65.36111482980823
  value: 4542.938340792324
