numB:
  composition: 0
  errDn: -8.921757917472256
  errUp: 8.921757917472256
  error: 8.921757917472256
  value: 84.1341128052456
numC:
  composition: 0
  errDn: -25.35665922664566
  errUp: 25.35665922664566
  error: 25.35665922664566
  value: 197.8297669487452
numL:
  composition: 0
  errDn: -25.29352406871982
  errUp: 25.29352406871982
  error: 25.29352406871982
  value: 580.2599324908749
