numB:
  composition: 0
  errDn: -0.7255063163948992
  errUp: 0.7255063163948992
  error: 0.7255063163948992
  value: 0.5416002056811545
numC:
  composition: 0
  errDn: -2.082777786849751
  errUp: 2.082777786849751
  error: 2.082777786849751
  value: 1.612962946625198
numL:
  composition: 0
  errDn: -2.914668657209258
  errUp: 2.914668657209258
  error: 2.914668657209258
  value: 11.460516423959957
