rB:
  errDn: -0.0006112323104797016
  errUp: 0.0006112323104797016
  error: 0.0006112323104797016
  value: 4.918730353575818e-13
rC:
  errDn: -0.0006487171212598417
  errUp: 0.0006487171212598417
  error: 0.0006487171212598417
  value: 1.8432152505687416e-13
rL:
  errDn: -0.0031798578868805216
  errUp: 0.0031798578868805216
  error: 0.0031798578868805216
  value: 0.6596518382562598
