numB:
  composition: 0
  errDn: -16.683027900528742
  errUp: 16.683027900528742
  error: 16.683027900528742
  value: 168.82160820044265
numC:
  composition: 0
  errDn: -32.9422115395642
  errUp: 32.9422115395642
  error: 32.9422115395642
  value: 383.75694678777586
numL:
  composition: 0
  errDn: -29.792163013356117
  errUp: 29.792163013356117
  error: 29.792163013356117
  value: 654.9463327273232
