numB:
  composition: 0
  errDn: -6.858221215928147
  errUp: 6.858221215928147
  error: 6.858221215928147
  value: 60.04074511824328
numC:
  composition: 0
  errDn: -26.860300987260416
  errUp: 26.860300987260416
  error: 26.860300987260416
  value: 358.18316899769286
numL:
  composition: 0
  errDn: -31.27579696412431
  errUp: 31.27579696412431
  error: 31.27579696412431
  value: 1377.9806895362724
