numFAKE:
  composition: 0
  errDn: -10.612138334734954
  errUp: 10.612138334734954
  error: 10.612138334734954
  value: 58.556939001003336
numSIGN:
  composition: 0
  errDn: -42.925313361621306
  errUp: 42.925313361621306
  error: 42.925313361621306
  value: 1800.449297636988
