numC:
  errDn: 21.550977884815552
  errUp: 21.829673051005784
  error: 21.829673051005784
  value: 507.4607238769531
