numL:
  errDn: 23.663343027602423
  errUp: 23.908768956757513
  error: 23.908768956757513
  value: 1265.1051025390625
