numSIGN:
  errDn: 42.184842287074844
  errUp: 42.86069654650191
  error: 42.86069654650191
  value: 1680.289794921875
