numSIGN:
  errDn: 42.39909905005993
  errUp: 43.09105648120885
  error: 43.09105648120885
  value: 1794.141845703125
