numC:
  errDn: 19.560594785206433
  errUp: 19.880260819228567
  error: 19.880260819228567
  value: 345.53826904296875
