numB:
  errDn: 5.681687245622719
  errUp: 5.942590440922004
  error: 5.942590440922004
  value: 48.34228515625
