numB:
  errDn: 6.321532137142185
  errUp: 8.536380069769635
  error: 8.536380069769635
  value: 75.0
