numFAKE:
  errDn: 10.397935313780849
  errUp: 11.721219883379234
  error: 11.721219883379234
  value: 62.339210510253906
