numFAKE:
  errDn: 31.77282120103297
  errUp: 3.8559542034614083
  error: 31.77282120103297
  value: 72.5
