rB:
  errDn: -0.030172469833830373
  errUp: 0.030172469833830373
  error: 0.030172469833830373
  value: 0.5091514567781212
rC:
  errDn: -0.04416008199797361
  errUp: 0.04416008199797361
  error: 0.04416008199797361
  value: 1.0047504565208076
rL:
  errDn: -0.03841718415500814
  errUp: 0.03841718415500814
  error: 0.03841718415500814
  value: 0.3857190933381159
