emptyFAKE: 0
nB:
  composition: 0.1
  value: 354.7169669067548
nC:
  composition: 0.2
  value: 709.4339338135096
nDATA:
  value: 4433.962086334434
nFAKE:
  composition: 0.2
  value: 886.7924172668869
nL:
  composition: 0.7
  value: 2483.018768347283
nSIGN:
  value: 3547.1696690675476
