numB:
  composition: 0
  errDn: -10.181302126778363
  errUp: 10.181302126778363
  error: 10.181302126778363
  value: 92.69421238919247
numC:
  composition: 0
  errDn: -45.80368221638844
  errUp: 45.80368221638844
  error: 45.80368221638844
  value: 375.7709034285704
numL:
  composition: 0
  errDn: -53.9821781098949
  errUp: 53.9821781098949
  error: 53.9821781098949
  value: 3561.5075648111806
