numC:
  errDn: 28.83303343706524
  errUp: 29.228040547007424
  error: 29.228040547007424
  value: 376.942138671875
