numL:
  errDn: 37.77912352120302
  errUp: 38.00385458977689
  error: 38.00385458977689
  value: 3558.140380859375
