numB:
  errDn: 8.723164691767266
  errUp: 9.104064543343966
  error: 9.104064543343966
  value: 92.17567443847656
