numB:
  errDn: 25.0977464332004
  errUp: 3.2095122901687034
  error: 25.0977464332004
  value: 92.0
