numB:
  composition: 0
  errDn: -41.41959381292236
  errUp: 41.41959381292236
  error: 41.41959381292236
  value: 2220.978532235196
numC:
  composition: 0
  errDn: -82.52412101669188
  errUp: 82.52412101669188
  error: 82.52412101669188
  value: 5295.6961871693675
numL:
  composition: 0
  errDn: -69.74159867312937
  errUp: 69.74159867312937
  error: 69.74159867312937
  value: 3640.3999182649045
