rB:
  errDn: -0.030275932499628927
  errUp: 0.030275932499628927
  error: 0.030275932499628927
  value: 0.5263297271063084
rC:
  errDn: -0.06730350860731937
  errUp: 0.06730350860731937
  error: 0.06730350860731937
  value: 1.0104757949463152
rL:
  errDn: -0.05753425368520723
  errUp: 0.05753425368520723
  error: 0.05753425368520723
  value: 0.36267489634094324
