numB:
  composition: 0
  errDn: -8.653965247467042
  errUp: 8.653965247467042
  error: 8.653965247467042
  value: 106.88252207096816
numC:
  composition: 0
  errDn: -11.702660280569027
  errUp: 11.702660280569027
  error: 11.702660280569027
  value: 120.47088764974433
numL:
  composition: 0
  errDn: -11.710312727888166
  errUp: 11.710312727888166
  error: 11.710312727888166
  value: 144.972171682605
