numB:
  composition: 0
  errDn: -7.113355366115943
  errUp: 7.113355366115943
  error: 7.113355366115943
  value: 59.93675440429101
numC:
  composition: 0
  errDn: -17.127816067804453
  errUp: 17.127816067804453
  error: 17.127816067804453
  value: 141.37426079973775
numL:
  composition: 0
  errDn: -16.69886821355348
  errUp: 16.69886821355348
  error: 16.69886821355348
  value: 284.14081723988494
