numB:
  composition: 0
  errDn: -13.669826627403197
  errUp: 13.669826627403197
  error: 13.669826627403197
  value: 5.490042567286206e-10
numC:
  composition: 0
  errDn: -48.083816367631584
  errUp: 48.083816367631584
  error: 48.083816367631584
  value: 1105.3028705004847
numL:
  composition: 0
  errDn: -60.20092631975899
  errUp: 60.20092631975899
  error: 60.20092631975899
  value: 3554.654992036755
