numB:
  composition: 0
  errDn: -5.349619540838509
  errUp: 5.349619540838509
  error: 5.349619540838509
  value: 25.129506592891882
numC:
  composition: 0
  errDn: -24.29994358600809
  errUp: 24.29994358600809
  error: 24.29994358600809
  value: 112.33026448933002
numL:
  composition: 0
  errDn: -28.713200008965543
  errUp: 28.713200008965543
  error: 28.713200008965543
  value: 1036.0901010031741
