numL:
  errDn: 20.237477817059812
  errUp: 20.46445696674766
  error: 20.46445696674766
  value: 941.1739501953125
