numB:
  errDn: 17.849939195247863
  errUp: 1.4364687102768414
  error: 17.849939195247863
  value: 31.25
