numC:
  errDn: 15.776183153776188
  errUp: 16.17040063232217
  error: 16.17040063232217
  value: 104.63212585449219
