numB:
  errDn: 3.733036528205613
  errUp: 4.1295825484570905
  error: 4.1295825484570905
  value: 15.465044021606445
