numC:
  errDn: 3.8065635915437497
  errUp: 0.0
  error: 3.8065635915437497
  value: 224.0
