nB:
  composition: 0.04087419893883231
  error: 10.549179223698438
  value: 103.08772482647277
nC:
  composition: 0.09867682845173167
  error: 40.13710137823695
  value: 248.87019201046576
nL:
  composition: 0.860448972609436
  error: 42.934683028310246
  value: 2170.1153592838277
