nB:
  composition: 0.019286626955209947
  error: 26.961845354701722
  value: 562.247911861644
nC:
  composition: 0.12517960515940738
  error: 129.44095265739293
  value: 3649.262868618372
nFAKE:
  error: 64.78689804682688
  value: 1691.8467060832563
nL:
  composition: 0.8555337678853828
  error: 143.54134751876882
  value: 24940.705061479977
