nFAKE:
  composition: 0.05413287626177487
  error: 66.24955320692106
  value: 1669.6744765699211
nSIGN:
  composition: 0.9458671237382251
  error: 177.0300784983374
  value: 29174.326283628685
