numB:
  composition: 0
  errDn: -34.2914905790027
  errUp: 34.2914905790027
  error: 34.2914905790027
  value: 40.333826687872865
numC:
  composition: 0
  errDn: -57.6369699322824
  errUp: 57.6369699322824
  error: 57.6369699322824
  value: 551.3107868095959
numL:
  composition: 0
  errDn: -46.502520503503774
  errUp: 46.502520503503774
  error: 46.502520503503774
  value: 1818.0992532975304
