numB:
  composition: 0
  errDn: -27.735298722778793
  errUp: 27.735298722778793
  error: 27.735298722778793
  value: 476.7287725599487
numC:
  composition: 0
  errDn: -45.59446088139475
  errUp: 45.59446088139475
  error: 45.59446088139475
  value: 991.3404856283436
numL:
  composition: 0
  errDn: -42.41246247285733
  errUp: 42.41246247285733
  error: 42.41246247285733
  value: 1661.378192215423
