numB:
  composition: 0
  errDn: -12.186828559139009
  errUp: 12.186828559139009
  error: 12.186828559139009
  value: 107.65239245393836
numC:
  composition: 0
  errDn: -13.518747711868457
  errUp: 13.518747711868457
  error: 13.518747711868457
  value: 124.9478193522606
numL:
  composition: 0
  errDn: -13.441098309813526
  errUp: 13.441098309813526
  error: 13.441098309813526
  value: 139.3259783128322
