numB:
  composition: 0
  errDn: -14.644762305104052
  errUp: 14.644762305104052
  error: 14.644762305104052
  value: 201.5958282133927
numC:
  composition: 0
  errDn: -36.9518233257497
  errUp: 36.9518233257497
  error: 36.9518233257497
  value: 454.23065896260215
numL:
  composition: 0
  errDn: -38.86985105732276
  errUp: 38.86985105732276
  error: 38.86985105732276
  value: 1701.84981572259
