emptyFAKE: 0
nB:
  composition: 0.1
  value: 207.8378687237128
nC:
  composition: 0.2
  value: 415.6757374474256
nDATA:
  value: 2597.9733590464098
nFAKE:
  composition: 0.2
  value: 519.594671809282
nL:
  composition: 0.7
  value: 1454.8650810659894
nSIGN:
  value: 2078.378687237128
