numC:
  errDn: 24.347521766329578
  errUp: 24.579228983940197
  error: 24.579228983940197
  value: 428.0142822265625
