numL:
  errDn: 27.710179200832954
  errUp: 27.918049160444525
  error: 27.918049160444525
  value: 1569.55029296875
