numC:
  errDn: 25.58512568764661
  errUp: 25.887554205684523
  error: 25.887554205684523
  value: 610.9368286132812
