numB:
  errDn: 13.8835468748658
  errUp: 14.240785744227935
  error: 14.240785744227935
  value: 236.9962158203125
