numB:
  errDn: 12.13481682371443
  errUp: 12.50233151243691
  error: 12.50233151243691
  value: 170.15406799316406
