rB:
  errDn: -0.03239141704088602
  errUp: 0.03239141704088602
  error: 0.03239141704088602
  value: 0.34711684911420027
rC:
  errDn: -0.03287047904248758
  errUp: 0.03287047904248758
  error: 0.03287047904248758
  value: 0.8263311063942762
rL:
  errDn: -0.012980059971307523
  errUp: 0.012980059971307523
  error: 0.012980059971307523
  value: 0.6773234558105488
