emptyFAKE: 0
nB:
  composition: 0.1
  value: 98.18373750660776
nC:
  composition: 0.2
  value: 196.3674750132155
nDATA:
  value: 1227.2967188325968
nFAKE:
  composition: 0.2
  value: 245.45934376651937
nL:
  composition: 0.7
  value: 687.2861625462542
nSIGN:
  value: 981.8373750660775
