numB:
  errDn: 3.8694022725051695
  errUp: 4.233525116190094
  error: 4.233525116190094
  value: 18.35702133178711
