numC:
  errDn: 1.0561425908440327
  errUp: 94.68333435058594
  error: 94.68333435058594
  value: 95.0
