numL:
  errDn: 19.771606401547956
  errUp: 19.996001591416757
  error: 19.996001591416757
  value: 1002.9886474609375
