numC:
  errDn: 12.826459545450916
  errUp: 13.263305188657924
  error: 13.263305188657924
  value: 95.8990249633789
