numB:
  errDn: 10.012350420304495
  errUp: 1.5561954870080683
  error: 10.012350420304495
  value: 18.0
