numB:
  composition: 0
  errDn: -17.599703840881716
  errUp: 17.599703840881716
  error: 17.599703840881716
  value: 302.791782437995
numC:
  composition: 0
  errDn: -13.477042869531363
  errUp: 13.477042869531363
  error: 13.477042869531363
  value: 55.0956998645093
numL:
  composition: 0
  errDn: -7.543393043699864
  errUp: 7.543393043699864
  error: 7.543393043699864
  value: 17.96397453286282
