numB:
  composition: 0
  errDn: -15.211464349329304
  errUp: 15.211464349329304
  error: 15.211464349329304
  value: 377.63126827808503
numC:
  composition: 0
  errDn: -12.492277698963413
  errUp: 12.492277698963413
  error: 12.492277698963413
  value: 65.18848911981428
numL:
  composition: 0
  errDn: -8.124590694538643
  errUp: 8.124590694538643
  error: 8.124590694538643
  value: 33.76852712734664
