numB:
  composition: 0
  errDn: -16.401714867903678
  errUp: 16.401714867903678
  error: 16.401714867903678
  value: 312.31110900748723
numC:
  composition: 0
  errDn: -33.68662270222819
  errUp: 33.68662270222819
  error: 33.68662270222819
  value: 646.661372663227
numL:
  composition: 0
  errDn: -31.808415063207917
  errUp: 31.808415063207917
  error: 31.808415063207917
  value: 1071.683295348353
