numB:
  composition: 0
  errDn: -34.15905182470391
  errUp: 34.15905182470391
  error: 34.15905182470391
  value: 96.30339873231294
numC:
  composition: 0
  errDn: -90.52227150967065
  errUp: 90.52227150967065
  error: 90.52227150967065
  value: 2219.013480341055
numL:
  composition: 0
  errDn: -107.23384576544777
  errUp: 107.23384576544777
  error: 107.23384576544777
  value: 20350.530401607863
