nFAKE:
  composition: 0.05964149231059823
  error: 29.486090647415466
  value: 339.7783581180559
nSIGN:
  composition: 0.9403585076894018
  error: 76.68833235770671
  value: 5357.234660076958
