nFAKE:
  composition: 0.04666780062842485
  error: 36.59063715057914
  value: 498.2254212988188
nSIGN:
  composition: 0.9533321993715751
  error: 104.83589351617775
  value: 10177.774188491128
