nFAKE:
  composition: 0.052177076888003805
  error: 66.08895962087126
  value: 1609.3497844442759
nSIGN:
  composition: 0.9478229231119962
  error: 178.24207872276384
  value: 29234.6506929816
