numB:
  composition: 0
  errDn: -46.94171606870989
  errUp: 46.94171606870989
  error: 46.94171606870989
  value: 149.61404909548278
numC:
  composition: 0
  errDn: -121.756698281127
  errUp: 121.756698281127
  error: 121.756698281127
  value: 3230.6013063990777
numL:
  composition: 0
  errDn: -124.48110157291558
  errUp: 124.48110157291558
  error: 124.48110157291558
  value: 21421.811930066866
