numB:
  composition: 0
  errDn: -13.217041369428514
  errUp: 13.217041369428514
  error: 13.217041369428514
  value: 190.28830456935617
numC:
  composition: 0
  errDn: -9.240841218952523
  errUp: 9.240841218952523
  error: 9.240841218952523
  value: 38.12040149557131
numL:
  composition: 0
  errDn: -5.429181811196143
  errUp: 5.429181811196143
  error: 5.429181811196143
  value: 12.314808691053123
