rB:
  errDn: -0.002386571668220236
  errUp: 0.002386571668220236
  error: 0.002386571668220236
  value: 8.240872719465775e-13
rC:
  errDn: -0.004283764618844221
  errUp: 0.004283764618844221
  error: 0.004283764618844221
  value: 0.7150941561614779
rL:
  errDn: -0.0007503826862257577
  errUp: 0.0007503826862257577
  error: 0.0007503826862257577
  value: 7.494911809236005e-13
