rB:
  errDn: -0.001078227172726746
  errUp: 0.001078227172726746
  error: 0.001078227172726746
  value: 1.5081112357193116e-12
rC:
  errDn: -0.008032831000355733
  errUp: 0.008032831000355733
  error: 0.008032831000355733
  value: 0.7143037812851659
rL:
  errDn: -0.005353405665027563
  errUp: 0.005353405665027563
  error: 0.005353405665027563
  value: 0.009630054278431513
