numB:
  composition: 0
  errDn: -5.014115992920466
  errUp: 5.014115992920466
  error: 5.014115992920466
  value: 30.48364888623859
numC:
  composition: 0
  errDn: -21.88505885732208
  errUp: 21.88505885732208
  error: 21.88505885732208
  value: 241.980927821096
numL:
  composition: 0
  errDn: -23.304773173422518
  errUp: 23.304773173422518
  error: 23.304773173422518
  value: 600.8766443060343
