emptyFAKE: 0
nB:
  composition: 0.1
  value: 72.24000000000001
nC:
  composition: 0.2
  value: 144.48000000000002
nDATA:
  value: 903.0
nFAKE:
  composition: 0.2
  value: 180.60000000000002
nL:
  composition: 0.7
  value: 505.68
