rB:
  errDn: -0.030669028701040213
  errUp: 0.030669028701040213
  error: 0.030669028701040213
  value: 0.4525937577786476
rC:
  errDn: -0.02619935020050268
  errUp: 0.02619935020050268
  error: 0.02619935020050268
  value: 0.9985023863713094
rL:
  errDn: -0.024181383436301884
  errUp: 0.024181383436301884
  error: 0.024181383436301884
  value: 0.44481261553355755
