numB:
  composition: 0
  errDn: -32.21462866343095
  errUp: 32.21462866343095
  error: 32.21462866343095
  value: 61.41192131207373
numC:
  composition: 0
  errDn: -56.588526581170186
  errUp: 56.588526581170186
  error: 56.588526581170186
  value: 1172.3797026786276
numL:
  composition: 0
  errDn: -39.99648437166002
  errUp: 39.99648437166002
  error: 39.99648437166002
  value: 604.1683588144516
