rB:
  errDn: -0.010197631452954048
  errUp: 0.010197631452954048
  error: 0.010197631452954048
  value: 0.529324362173401
rC:
  errDn: -0.005254828223692203
  errUp: 0.005254828223692203
  error: 0.005254828223692203
  value: 0.021640889495240036
rL:
  errDn: -0.002884610330947842
  errUp: 0.002884610330947842
  error: 0.002884610330947842
  value: 1.0943147700937655e-11
