numB:
  composition: 0
  errDn: -26.554385419724497
  errUp: 26.554385419724497
  error: 26.554385419724497
  value: 612.1478708720557
numC:
  composition: 0
  errDn: -109.68131247663905
  errUp: 109.68131247663905
  error: 109.68131247663905
  value: 3108.9109588016404
numL:
  composition: 0
  errDn: -132.59426110976892
  errUp: 132.59426110976892
  error: 132.59426110976892
  value: 23133.333114638946
