numB:
  composition: 0
  errDn: -23.96809838569925
  errUp: 23.96809838569925
  error: 23.96809838569925
  value: 392.71515764093124
numC:
  composition: 0
  errDn: -42.64641986683159
  errUp: 42.64641986683159
  error: 42.64641986683159
  value: 925.1931602408916
numL:
  composition: 0
  errDn: -38.784395253250636
  errUp: 38.784395253250636
  error: 38.784395253250636
  value: 1430.416868264455
