rB:
  errDn: -0.0010462747815377503
  errUp: 0.0010462747815377503
  error: 0.0010462747815377503
  value: 4.4958644012521587e-13
rC:
  errDn: -0.007871105333784822
  errUp: 0.007871105333784822
  error: 0.007871105333784822
  value: 0.7151214075185574
rL:
  errDn: -0.0052528926124310845
  errUp: 0.0052528926124310845
  error: 0.0052528926124310845
  value: 0.009022407384497475
