numB:
  composition: 0
  errDn: -33.17330266472081
  errUp: 33.17330266472081
  error: 33.17330266472081
  value: 499.24005155726235
numC:
  composition: 0
  errDn: -112.34226975899628
  errUp: 112.34226975899628
  error: 112.34226975899628
  value: 2413.96320917419
numL:
  composition: 0
  errDn: -132.81669189535933
  errUp: 132.81669189535933
  error: 132.81669189535933
  value: 17615.93950946915
