numB:
  errDn: 1203.052826557857
  errUp: 1.480767456211197
  error: 1203.052826557857
  value: 2507.5
