numC:
  errDn: 140.39336955709587
  errUp: 141.5569950156205
  error: 141.5569950156205
  value: 15907.966796875
