numC:
  errDn: 120.21487372820957
  errUp: 118.14882899565237
  error: 120.21487372820957
  value: 9812.5654296875
