numL:
  errDn: 164.26026644321246
  errUp: 164.52814237154962
  error: 164.52814237154962
  value: 62648.71875
