numB:
  errDn: 34.93338107593672
  errUp: 35.225271914213636
  error: 35.225271914213636
  value: 1487.633544921875
