numB:
  composition: 0
  errDn: -4.010873269436299
  errUp: 4.010873269436299
  error: 4.010873269436299
  value: 21.071079842506272
numC:
  composition: 0
  errDn: -5.597062760970671
  errUp: 5.597062760970671
  error: 5.597062760970671
  value: 12.886402228962774
numL:
  composition: 0
  errDn: -5.190706164850331
  errUp: 5.190706164850331
  error: 5.190706164850331
  value: 23.49314833949872
