emptyFAKE: 0
nB:
  composition: 0.1
  value: 2369.426696074504
nC:
  composition: 0.2
  value: 4738.853392149008
nDATA:
  value: 29617.8337009313
nFAKE:
  composition: 0.2
  value: 5923.56674018626
nL:
  composition: 0.7
  value: 16585.986872521527
nSIGN:
  value: 23694.26696074504
