numB:
  errDn: 18.012831859568905
  errUp: 18.319753194162615
  error: 18.319753194162615
  value: 347.9763488769531
