numL:
  errDn: 96.5951241642797
  errUp: 98.27660333104723
  error: 98.27660333104723
  value: 23732.69921875
