numC:
  errDn: 1.635830213560439
  errUp: 1761.10986328125
  error: 1761.10986328125
  value: 2945.0
