numC:
  errDn: 63.383348638323696
  errUp: 63.76383363698869
  error: 63.76383363698869
  value: 2356.572021484375
