numB:
  errDn: 234.4382694090795
  errUp: 1.4627252298479902
  error: 234.4382694090795
  value: 407.0
