rB:
  errDn: -0.025726370323182014
  errUp: 0.025726370323182014
  error: 0.025726370323182014
  value: 2.9203148146222935e-14
rC:
  errDn: -0.015378861353588031
  errUp: 0.015378861353588031
  error: 0.015378861353588031
  value: 0.056114361497730955
rL:
  errDn: -0.009317873896129425
  errUp: 0.009317873896129425
  error: 0.009317873896129425
  value: 0.6201317237505544
