numB:
  composition: 0
  errDn: -15.840050247699423
  errUp: 15.840050247699423
  error: 15.840050247699423
  value: 200.43715870685415
numC:
  composition: 0
  errDn: -16.36787579781336
  errUp: 16.36787579781336
  error: 16.36787579781336
  value: 112.17205832092645
numL:
  composition: 0
  errDn: -16.127518256759274
  errUp: 16.127518256759274
  error: 16.127518256759274
  value: 195.9101653773823
