numFAKE:
  composition: 0
  errDn: -5.166328629256378
  errUp: 5.166328629256378
  error: 5.166328629256378
  value: 20.7671148006319
numSIGN:
  composition: 0
  errDn: -22.537640137202516
  errUp: 22.537640137202516
  error: 22.537640137202516
  value: 510.2352092652411
