emptyFAKE: 0
nB:
  composition: 0.1
  value: 42.480000000000004
nC:
  composition: 0.2
  value: 84.96000000000001
nDATA:
  value: 531.0
nFAKE:
  composition: 0.2
  value: 106.2
nL:
  composition: 0.7
  value: 297.36
nSIGN:
  value: 424.8
