numFAKE:
  composition: 0
  errDn: -16.939383024543446
  errUp: 16.939383024543446
  error: 16.939383024543446
  value: 200.1821083209238
numSIGN:
  composition: 0
  errDn: -38.86486302142089
  errUp: 38.86486302142089
  error: 38.86486302142089
  value: 1426.8254281892146
