emptyFAKE: 0
nB:
  composition: 0.1
  value: 130.16000000000003
nC:
  composition: 0.2
  value: 260.32000000000005
nDATA:
  value: 1627.0
nFAKE:
  composition: 0.2
  value: 325.40000000000003
nL:
  composition: 0.7
  value: 911.12
nSIGN:
  value: 1301.6000000000001
