numB:
  composition: 0
  errDn: -29.82432618866659
  errUp: 29.82432618866659
  error: 29.82432618866659
  value: 608.3513171390861
numC:
  composition: 0
  errDn: -37.74613647656193
  errUp: 37.74613647656193
  error: 37.74613647656193
  value: 303.357736373484
numL:
  composition: 0
  errDn: -32.106291395130114
  errUp: 32.106291395130114
  error: 32.106291395130114
  value: 513.8249079432157
