nB:
  composition: 0.03507075407438618
  error: 57.63611150588872
  value: 4128.888016618288
nC:
  composition: 0.18345627406371412
  error: 196.4270604670437
  value: 21598.34972320501
nFAKE:
  error: 118.35074667430672
  value: 8582.737769976908
nL:
  composition: 0.7814729718618996
  error: 220.98221640929114
  value: 92002.99434645537
