rB:
  errDn: -0.01084613588765512
  errUp: 0.01084613588765512
  error: 0.01084613588765512
  value: 2.2489171982997824e-14
rC:
  errDn: -0.0003321712642643216
  errUp: 0.0003321712642643216
  error: 0.0003321712642643216
  value: 1.3205701723112417e-13
rL:
  errDn: -0.0018981993976754374
  errUp: 0.0018981993976754374
  error: 0.0018981993976754374
  value: 0.7010519872248179
