numB:
  composition: 0
  errDn: -30.537838725057952
  errUp: 30.537838725057952
  error: 30.537838725057952
  value: 530.6860507692201
numC:
  composition: 0
  errDn: -63.65746554807174
  errUp: 63.65746554807174
  error: 63.65746554807174
  value: 1498.0099536946527
numL:
  composition: 0
  errDn: -59.6838971253851
  errUp: 59.6838971253851
  error: 59.6838971253851
  value: 2550.375896265893
