numB:
  composition: 0
  errDn: -4.892712758245814
  errUp: 4.892712758245814
  error: 4.892712758245814
  value: 13.28513657182439
numC:
  composition: 0
  errDn: -12.086498760874825
  errUp: 12.086498760874825
  error: 12.086498760874825
  value: 22.781516588504523
numL:
  composition: 0
  errDn: -12.443228279337639
  errUp: 12.443228279337639
  error: 12.443228279337639
  value: 132.6706841377698
