numB:
  composition: 0
  errDn: -3.7038627760931235
  errUp: 3.7038627760931235
  error: 3.7038627760931235
  value: 9.242688863518053
numC:
  composition: 0
  errDn: -8.267336279813993
  errUp: 8.267336279813993
  error: 8.267336279813993
  value: 17.83054023288744
numL:
  composition: 0
  errDn: -8.559487755544929
  errUp: 8.559487755544929
  error: 8.559487755544929
  value: 68.11811606759363
