nB:
  composition: 0.024034538334722823
  error: 7.851491625327952
  value: 53.781968030079
nC:
  composition: 0.11699350737304798
  error: 33.810663719889874
  value: 261.79579510265813
nFAKE:
  error: 12.91496267369348
  value: 81.30033426642899
nL:
  composition: 0.8589719542922291
  error: 37.90515260395
  value: 1922.1173105596044
