nB:
  composition: 0.0045458968255808335
  error: 1.2901188307401288
  value: 0.72279861611975
nC:
  composition: 0.18758614010587477
  error: 9.03668030302605
  value: 29.82623840224261
nL:
  composition: 0.8078679630685445
  error: 10.323581358803594
  value: 128.4511875473145
