numB:
  composition: 0
  errDn: -15.38089079681474
  errUp: 15.38089079681474
  error: 15.38089079681474
  value: 253.73937375598462
numC:
  composition: 0
  errDn: -39.401885046944955
  errUp: 39.401885046944955
  error: 39.401885046944955
  value: 540.5635495468393
numL:
  composition: 0
  errDn: -41.92249688211166
  errUp: 41.92249688211166
  error: 41.92249688211166
  value: 2011.753682400898
