numB:
  composition: 0
  errDn: -19.76230228192594
  errUp: 19.76230228192594
  error: 19.76230228192594
  value: 501.1057666431203
numC:
  composition: 0
  errDn: -43.98142132521377
  errUp: 43.98142132521377
  error: 43.98142132521377
  value: 1134.4174707835625
numL:
  composition: 0
  errDn: -40.42040425775497
  errUp: 40.42040425775497
  error: 40.42040425775497
  value: 1483.6121664314976
