numB:
  composition: 0
  errDn: -3.974200101022664
  errUp: 3.974200101022664
  error: 3.974200101022664
  value: 9.33260121872394
numC:
  composition: 0
  errDn: -8.023774287433199
  errUp: 8.023774287433199
  error: 8.023774287433199
  value: 20.364183222878818
numL:
  composition: 0
  errDn: -8.101238020726676
  errUp: 8.101238020726676
  error: 8.101238020726676
  value: 61.1626355999126
