numB:
  composition: 0
  errDn: -5.125861296133353
  errUp: 5.125861296133353
  error: 5.125861296133353
  value: 25.28609812665408
numC:
  composition: 0
  errDn: -23.37016852299714
  errUp: 23.37016852299714
  error: 23.37016852299714
  value: 112.70779514252084
numL:
  composition: 0
  errDn: -27.598365890197385
  errUp: 27.598365890197385
  error: 27.598365890197385
  value: 1036.4269452530364
