rB:
  errDn: -0.01130504868055665
  errUp: 0.01130504868055665
  error: 0.01130504868055665
  value: 5.155430661367422e-13
rC:
  errDn: -0.0038140669519119985
  errUp: 0.0038140669519119985
  error: 0.0038140669519119985
  value: 0.7529305099092577
rL:
  errDn: -0.0004898769022397203
  errUp: 0.0004898769022397203
  error: 0.0004898769022397203
  value: 7.806280036444513e-13
