numB:
  composition: 0
  errDn: -13.436603464258909
  errUp: 13.436603464258909
  error: 13.436603464258909
  value: 176.74096263968906
numC:
  composition: 0
  errDn: -51.499936783295084
  errUp: 51.499936783295084
  error: 51.499936783295084
  value: 909.7628578703739
numL:
  composition: 0
  errDn: -65.27636791689338
  errUp: 65.27636791689338
  error: 65.27636791689338
  value: 6690.24406671817
