emptyFAKE: 0
nB:
  composition: 0.1
  value: 684.3291836314893
nC:
  composition: 0.2
  value: 1368.6583672629786
nDATA:
  value: 8554.114795393614
nFAKE:
  composition: 0.2
  value: 1710.822959078723
nL:
  composition: 0.7
  value: 4790.304285420424
nSIGN:
  value: 6843.291836314892
