numL:
  errDn: 51.28837900438157
  errUp: 52.36012202999336
  error: 52.36012202999336
  value: 6168.56298828125
