numC:
  errDn: 38.55923653635773
  errUp: 37.87630238192423
  error: 38.55923653635773
  value: 911.3139038085938
