numB:
  errDn: 10.171074670445662
  errUp: 10.528961803638538
  error: 10.528961803638538
  value: 119.12220001220703
