numB:
  errDn: 38.824130063131406
  errUp: 3.80663929842126
  error: 38.824130063131406
  value: 176.0
