numC:
  errDn: 45.13709435030728
  errUp: 45.84287627634217
  error: 45.84287627634217
  value: 1605.2689208984375
