emptyFAKE: 0
nB:
  composition: 0.1
  value: 26.032053902284378
nC:
  composition: 0.2
  value: 52.064107804568756
nDATA:
  value: 325.40067377855473
nFAKE:
  composition: 0.2
  value: 65.08013475571094
nL:
  composition: 0.7
  value: 182.22437731599064
nSIGN:
  value: 260.3205390228438
