numC:
  errDn: 6.546846782314507
  errUp: 7.131230346150744
  error: 7.131230346150744
  value: 21.13011360168457
