numL:
  errDn: 10.108648065061715
  errUp: 10.335165238164421
  error: 10.335165238164421
  value: 243.98716735839844
