numB:
  errDn: 1.2560053346678615
  errUp: 1.7563503666345
  error: 1.7563503666345
  value: 1.268505334854126
