numC:
  errDn: 3.894229298303749
  errUp: 0.0
  error: 3.894229298303749
  value: 54.0
