numB:
  errDn: 5.1717713365798765
  errUp: 0.8670506313625896
  error: 5.1717713365798765
  value: 5.5
