rB:
  errDn: -0.0011414999940531907
  errUp: 0.0011414999940531907
  error: 0.0011414999940531907
  value: 2.9592837512068537e-13
rC:
  errDn: -0.008045148479573605
  errUp: 0.008045148479573605
  error: 0.008045148479573605
  value: 0.7142390934305499
rL:
  errDn: -0.005362721090607981
  errUp: 0.005362721090607981
  error: 0.005362721090607981
  value: 0.01215567980831913
