numB:
  composition: 0
  errDn: -4.4539078519799915
  errUp: 4.4539078519799915
  error: 4.4539078519799915
  value: 15.600391033106632
numC:
  composition: 0
  errDn: -5.107013233595831
  errUp: 5.107013233595831
  error: 5.107013233595831
  value: 12.990277302115217
numL:
  composition: 0
  errDn: -4.055799338813661
  errUp: 4.055799338813661
  error: 4.055799338813661
  value: 11.64484533647926
