numB:
  composition: 0
  errDn: -3.108629779330084
  errUp: 3.108629779330084
  error: 3.108629779330084
  value: 8.217534668374533
numC:
  composition: 0
  errDn: -3.176697770817306
  errUp: 3.176697770817306
  error: 3.176697770817306
  value: 5.4670975051882476
numL:
  composition: 0
  errDn: -2.962493825720675
  errUp: 2.962493825720675
  error: 2.962493825720675
  value: 8.861893902703168
