nB:
  composition: 0.02392253640297317
  error: 2.185908388780631
  value: 3.4927934028255145
nC:
  composition: 0.09232256418336751
  error: 8.699739363910975
  value: 13.479492211015064
nL:
  composition: 0.8837548994136591
  error: 9.721291428302571
  value: 129.03202362785916
