nB:
  composition: 0.033743028058702274
  error: 6.512333814789768
  value: 31.6880843477245
nC:
  composition: 0.17872411566328
  error: 26.848896306337295
  value: 167.83985249509632
nFAKE:
  error: 8.379506236388
  value: 40.91371383011601
nL:
  composition: 0.7875328562780177
  error: 27.411362704375165
  value: 739.5722616514336
