nFAKE:
  composition: 0.04096798066249431
  error: 8.367376454751973
  value: 40.14845287881636
nSIGN:
  composition: 0.9590320193375057
  error: 31.00766751126679
  value: 939.8474421976472
