numB:
  composition: 0
  errDn: -29.2593090467019
  errUp: 29.2593090467019
  error: 29.2593090467019
  value: 978.862292366075
numC:
  composition: 0
  errDn: -105.50538825575222
  errUp: 105.50538825575222
  error: 105.50538825575222
  value: 6007.973976180155
numL:
  composition: 0
  errDn: -131.83826815818975
  errUp: 131.83826815818975
  error: 131.83826815818975
  value: 27830.829671907915
