numFAKE:
  composition: 0
  errDn: -31.573040133028655
  errUp: 31.573040133028655
  error: 31.573040133028655
  value: 558.566683009588
numSIGN:
  composition: 0
  errDn: -107.99734542087754
  errUp: 107.99734542087754
  error: 107.99734542087754
  value: 11193.41678812402
