numB:
  composition: 0
  errDn: -15.306731364787012
  errUp: 15.306731364787012
  error: 15.306731364787012
  value: 234.4482455319123
numC:
  composition: 0
  errDn: -70.33936325683476
  errUp: 70.33936325683476
  error: 70.33936325683476
  value: 1296.1926793190685
numL:
  composition: 0
  errDn: -84.73973005385778
  errUp: 84.73973005385778
  error: 84.73973005385778
  value: 9633.491062146975
