numFAKE:
  errDn: 54.003423378936304
  errUp: 17.471633891948727
  error: 54.003423378936304
  value: 558.0
