numL:
  errDn: 61.029537287608036
  errUp: 61.28205626764611
  error: 61.28205626764611
  value: 8552.048828125
