numC:
  errDn: 48.61550695967367
  errUp: 48.976563921462
  error: 48.976563921462
  value: 1233.77001953125
