numFAKE:
  errDn: 31.81517135168042
  errUp: 32.990775581952676
  error: 32.990775581952676
  value: 585.0857543945312
