numSIGN:
  errDn: 105.95827088500664
  errUp: 106.67610829933437
  error: 106.67610829933437
  value: 10539.8701171875
