numB:
  errDn: 72.3157053737419
  errUp: 3.483368894323405
  error: 72.3157053737419
  value: 292.5
