numSIGN:
  errDn: 106.56202660054805
  errUp: 107.33405999501701
  error: 107.33405999501701
  value: 11193.6298828125
