numB:
  errDn: 2.8045654296875
  errUp: 11.881575506652382
  error: 11.881575506652382
  value: 149.0235595703125
