numC:
  errDn: 4.714710967978135
  errUp: 0.0
  error: 4.714710967978135
  value: 2592.0
