numB:
  composition: 0
  errDn: -5.7319626664314285
  errUp: 5.7319626664314285
  error: 5.7319626664314285
  value: 13.941375381162638
numC:
  composition: 0
  errDn: -23.71688361676508
  errUp: 23.71688361676508
  error: 23.71688361676508
  value: 57.279701469145934
numL:
  composition: 0
  errDn: -26.404852636432224
  errUp: 26.404852636432224
  error: 26.404852636432224
  value: 525.4968784378206
