numB:
  composition: 0
  errDn: -2.8868385977398243
  errUp: 2.8868385977398243
  error: 2.8868385977398243
  value: 9.428017701494483
numC:
  composition: 0
  errDn: -13.173100409975667
  errUp: 13.173100409975667
  error: 13.173100409975667
  value: 50.99563325270092
numL:
  composition: 0
  errDn: -15.672636871765008
  errUp: 15.672636871765008
  error: 15.672636871765008
  value: 314.08712129773505
