nFAKE:
  composition: 0.09798572369352924
  error: 34.97946428899962
  value: 741.946578557073
nSIGN:
  composition: 0.9020142763064708
  error: 85.50958274625191
  value: 6830.039937332379
