rB:
  errDn: -0.0010285146243833477
  errUp: 0.0010285146243833477
  error: 0.0010285146243833477
  value: 1.8205814460159342e-14
rC:
  errDn: -0.008107606606113593
  errUp: 0.008107606606113593
  error: 0.008107606606113593
  value: 0.7197185460803465
rL:
  errDn: -0.005385054770141761
  errUp: 0.005385054770141761
  error: 0.005385054770141761
  value: 0.009911218009838789
