numB:
  composition: 0
  errDn: -17.37091623925346
  errUp: 17.37091623925346
  error: 17.37091623925346
  value: 222.98210174933806
numC:
  composition: 0
  errDn: -19.017872689022724
  errUp: 19.017872689022724
  error: 19.017872689022724
  value: 160.52300141585408
numL:
  composition: 0
  errDn: -18.251123387195733
  errUp: 18.251123387195733
  error: 18.251123387195733
  value: 243.89312153178003
