numC:
  errDn: 80.52384216625614
  errUp: 80.84556502446003
  error: 80.84556502446003
  value: 3655.821533203125
