numB:
  errDn: 415.52394203955555
  errUp: 1.9840537772712423
  error: 415.52394203955555
  value: 1003.75
