numL:
  errDn: 103.61535195259785
  errUp: 103.75648430013462
  error: 103.75648430013462
  value: 23971.462890625
