numB:
  errDn: 20.73828125
  errUp: 22.29117651637648
  error: 22.29117651637648
  value: 523.3190307617188
