numC:
  errDn: 93.62967794088127
  errUp: 94.06868959804342
  error: 94.06868959804342
  value: 6832.271484375
