numB:
  composition: 0
  errDn: -6.4714040954502545
  errUp: 6.4714040954502545
  error: 6.4714040954502545
  value: 9.469733175174643
numC:
  composition: 0
  errDn: -16.794638665513254
  errUp: 16.794638665513254
  error: 16.794638665513254
  value: 61.56217533806049
numL:
  composition: 0
  errDn: -19.452180004189074
  errUp: 19.452180004189074
  error: 19.452180004189074
  value: 535.2901278124292
