numB:
  composition: 0
  errDn: -4.044000884349711
  errUp: 4.044000884349711
  error: 4.044000884349711
  value: 17.511816437823313
numC:
  composition: 0
  errDn: -9.399505496815056
  errUp: 9.399505496815056
  error: 9.399505496815056
  value: 43.067202226942996
numL:
  composition: 0
  errDn: -9.293299915296977
  errUp: 9.293299915296977
  error: 9.293299915296977
  value: 99.6100574994866
