numB:
  composition: 0
  errDn: -42.73140126855776
  errUp: 42.73140126855776
  error: 42.73140126855776
  value: 2006.1777651286186
numC:
  composition: 0
  errDn: -155.33008190377586
  errUp: 155.33008190377586
  error: 155.33008190377586
  value: 10345.099209275615
numL:
  composition: 0
  errDn: -203.85197218622488
  errUp: 203.85197218622488
  error: 203.85197218622488
  value: 66719.34343019621
