numB:
  composition: 0
  errDn: -0.7341164126491
  errUp: 0.7341164126491
  error: 0.7341164126491
  value: 0.5528706304287937
numC:
  composition: 0
  errDn: -0.6827206680723495
  errUp: 0.6827206680723495
  error: 0.6827206680723495
  value: 0.1924065121270697
numL:
  composition: 0
  errDn: -1.4981404997121959
  errUp: 1.4981404997121959
  error: 1.4981404997121959
  value: 4.260387368564261
