rB:
  errDn: -0.01814280573214219
  errUp: 0.01814280573214219
  error: 0.01814280573214219
  value: 0.016092059580885807
rC:
  errDn: -0.02132237322279125
  errUp: 0.02132237322279125
  error: 0.02132237322279125
  value: 0.060376522033421136
rL:
  errDn: -0.017855825117561952
  errUp: 0.017855825117561952
  error: 0.017855825117561952
  value: 0.5573026340902558
