emptyFAKE: 0
nB:
  composition: 0.1
  value: 2595.1200000000003
nC:
  composition: 0.2
  value: 5190.240000000001
nDATA:
  value: 32439.0
nFAKE:
  composition: 0.2
  value: 6487.8
nL:
  composition: 0.7
  value: 18165.84
nSIGN:
  value: 25951.2
