numFAKE:
  composition: 0
  errDn: -51.06434642377371
  errUp: 51.06434642377371
  error: 51.06434642377371
  value: 1714.5879081232963
numSIGN:
  composition: 0
  errDn: -176.6215768394486
  errUp: 176.6215768394486
  error: 176.6215768394486
  value: 30724.411637212288
