numB:
  composition: 0
  errDn: -28.308363535969647
  errUp: 28.308363535969647
  error: 28.308363535969647
  value: 986.4759087148708
numC:
  composition: 0
  errDn: -120.52182801970912
  errUp: 120.52182801970912
  error: 120.52182801970912
  value: 7531.836127793504
numL:
  composition: 0
  errDn: -132.91196153751844
  errUp: 132.91196153751844
  error: 132.91196153751844
  value: 22137.506736850482
