numFAKE:
  errDn: 112.20805866898263
  errUp: 22.56420325112981
  error: 112.20805866898263
  value: 1714.0
