numSIGN:
  errDn: 175.6002632216805
  errUp: 176.37713993485158
  error: 176.37713993485158
  value: 29378.447265625
