numB:
  errDn: 25.004268496266604
  errUp: 25.359628181896028
  error: 25.359628181896028
  value: 879.5924682617188
