numL:
  errDn: 98.79161442775876
  errUp: 99.0182680125763
  error: 99.0182680125763
  value: 21151.85546875
