numFAKE:
  errDn: 51.413972839572125
  errUp: 52.39579310552722
  error: 52.39579310552722
  value: 1755.3719482421875
