numC:
  errDn: 85.04699597473518
  errUp: 85.36305430938137
  error: 85.36305430938137
  value: 7532.544921875
