numSIGN:
  errDn: 176.6324214714732
  errUp: 177.3091159850337
  error: 177.3091159850337
  value: 30724.61328125
