numB:
  composition: 0
  errDn: -13.548777747496132
  errUp: 13.548777747496132
  error: 13.548777747496132
  value: 242.52220006502105
numC:
  composition: 0
  errDn: -12.950089728413568
  errUp: 12.950089728413568
  error: 12.950089728413568
  value: 42.95023097737401
numL:
  composition: 0
  errDn: -8.33145816498389
  errUp: 8.33145816498389
  error: 8.33145816498389
  value: 30.490112449757163
