rB:
  errDn: -0.0013727843037395332
  errUp: 0.0013727843037395332
  error: 0.0013727843037395332
  value: 2.3884849176605827e-13
rC:
  errDn: -0.0044687722885629055
  errUp: 0.0044687722885629055
  error: 0.0044687722885629055
  value: 0.7295563921534066
rL:
  errDn: -0.001011091099318588
  errUp: 0.001011091099318588
  error: 0.001011091099318588
  value: 3.694527322961605e-15
