numB:
  composition: 0
  errDn: -29.46834726490482
  errUp: 29.46834726490482
  error: 29.46834726490482
  value: 614.4903451160495
numC:
  composition: 0
  errDn: -34.757187379514875
  errUp: 34.757187379514875
  error: 34.757187379514875
  value: 506.01253557527104
numL:
  composition: 0
  errDn: -26.462246982787008
  errUp: 26.462246982787008
  error: 26.462246982787008
  value: 289.96260681131054
