numB:
  composition: 0
  errDn: -4.044200258559387
  errUp: 4.044200258559387
  error: 4.044200258559387
  value: 17.512154444730335
numC:
  composition: 0
  errDn: -9.401904519136902
  errUp: 9.401904519136902
  error: 9.401904519136902
  value: 43.04321267230991
numL:
  composition: 0
  errDn: -9.29593094025062
  errUp: 9.29593094025062
  error: 9.29593094025062
  value: 99.6310815922008
