rB:
  errDn: -0.0010527950473686652
  errUp: 0.0010527950473686652
  error: 0.0010527950473686652
  value: 1.4354023612078715e-14
rC:
  errDn: -0.008945825564797838
  errUp: 0.008945825564797838
  error: 0.008945825564797838
  value: 0.7152243352623889
rL:
  errDn: -0.005973268870882038
  errUp: 0.005973268870882038
  error: 0.005973268870882038
  value: 0.008938760083875787
