numB:
  composition: 0
  errDn: -33.03374564473836
  errUp: 33.03374564473836
  error: 33.03374564473836
  value: 513.7234839333186
numC:
  composition: 0
  errDn: -111.79100068252978
  errUp: 111.79100068252978
  error: 111.79100068252978
  value: 2709.225484653578
numL:
  composition: 0
  errDn: -150.90327994759355
  errUp: 150.90327994759355
  error: 150.90327994759355
  value: 27446.355634079624
