nFAKE:
  composition: 0.07651829588652599
  error: 22.990520583937183
  value: 294.2128439035643
nSIGN:
  composition: 0.9234817041134741
  error: 61.48999647174901
  value: 3550.787106694811
