nFAKE:
  composition: 0.060459040164075696
  error: 49.671808399549946
  value: 1250.353438011822
nSIGN:
  composition: 0.9395409598359243
  error: 143.62217897923438
  value: 19430.647031373275
