numB:
  composition: 0
  errDn: -72.32013175221272
  errUp: 72.32013175221272
  error: 72.32013175221272
  value: 540.2699780105686
numC:
  composition: 0
  errDn: -178.25249249940862
  errUp: 178.25249249940862
  error: 178.25249249940862
  value: 9939.899947452148
numL:
  composition: 0
  errDn: -188.23984734713304
  errUp: 188.23984734713304
  error: 188.23984734713304
  value: 56972.28333955435
