numB:
  composition: 0
  errDn: -3.3347622619847126
  errUp: 3.3347622619847126
  error: 3.3347622619847126
  value: 15.347273946182408
numC:
  composition: 0
  errDn: -4.315353598600103
  errUp: 4.315353598600103
  error: 4.315353598600103
  value: 14.19044397639053
numL:
  composition: 0
  errDn: -3.5863633579797742
  errUp: 3.5863633579797742
  error: 3.5863633579797742
  value: 10.768243957982936
