nB:
  composition: 0.028789425414345697
  error: 10.410856867777163
  value: 64.4835780575085
nC:
  composition: 0.1056088193788831
  error: 45.73263128026079
  value: 236.54638638901426
nFAKE:
  error: 12.615112501383791
  value: 79.20235329823448
nL:
  composition: 0.8656017552067713
  error: 45.83952656964698
  value: 1938.8055699360598
