nFAKE:
  composition: 0.03403118746760477
  error: 12.683190074327811
  value: 78.91821738125756
nSIGN:
  composition: 0.9659688125323953
  error: 48.09813373622069
  value: 2240.0786573643563
