numFAKE:
  composition: 0
  errDn: -0.6472013208235288
  errUp: 0.6472013208235288
  error: 0.6472013208235288
  value: 1.8539808659904372e-07
numSIGN:
  composition: 0
  errDn: -6.001590362455647
  errUp: 6.001590362455647
  error: 6.001590362455647
  value: 11.99574121125939
