numSIGN:
  errDn: 3.1250183457557927
  errUp: 3.8165599362232463
  error: 3.8165599362232463
  value: 11.417695045471191
