numB:
  composition: 0
  errDn: -24.011490506928084
  errUp: 24.011490506928084
  error: 24.011490506928084
  value: 483.9801580370969
numC:
  composition: 0
  errDn: -19.080601607160325
  errUp: 19.080601607160325
  error: 19.080601607160325
  value: 92.64785581118728
numL:
  composition: 0
  errDn: -13.434120055482744
  errUp: 13.434120055482744
  error: 13.434120055482744
  value: 60.34430558086122
