rB:
  errDn: -0.02144138829920811
  errUp: 0.02144138829920811
  error: 0.02144138829920811
  value: 2.545098053423518e-09
rC:
  errDn: -0.010868139823493508
  errUp: 0.010868139823493508
  error: 0.010868139823493508
  value: 0.08120137346339582
rL:
  errDn: -0.006559727670000126
  errUp: 0.006559727670000126
  error: 0.006559727670000126
  value: 0.6003838305099806
