numB:
  composition: 0
  errDn: -5.678558386170827
  errUp: 5.678558386170827
  error: 5.678558386170827
  value: 18.00718578812492
numC:
  composition: 0
  errDn: -20.531698159168535
  errUp: 20.531698159168535
  error: 20.531698159168535
  value: 94.81213666438614
numL:
  composition: 0
  errDn: -27.887443917240887
  errUp: 27.887443917240887
  error: 27.887443917240887
  value: 1002.9009794427285
