numB:
  composition: 0
  errDn: -7.424790726984611
  errUp: 7.424790726984611
  error: 7.424790726984611
  value: 3.948471162894952
numC:
  composition: 0
  errDn: -25.851683760908962
  errUp: 25.851683760908962
  error: 25.851683760908962
  value: 118.24476513950216
numL:
  composition: 0
  errDn: -27.82600467038617
  errUp: 27.82600467038617
  error: 27.82600467038617
  value: 964.0755819482825
