rB:
  errDn: -0.0026648385817422213
  errUp: 0.0026648385817422213
  error: 0.0026648385817422213
  value: 6.181982009634268e-13
rC:
  errDn: -0.00031369639924608246
  errUp: 0.00031369639924608246
  error: 0.00031369639924608246
  value: 1.9638785497995415e-12
rL:
  errDn: -0.0019249554842857841
  errUp: 0.0019249554842857841
  error: 0.0019249554842857841
  value: 0.6988871108572329
