numB:
  composition: 0
  errDn: -43.236533537985
  errUp: 43.236533537985
  error: 43.236533537985
  value: 2006.0456456629468
numC:
  composition: 0
  errDn: -152.45251733201985
  errUp: 152.45251733201985
  error: 152.45251733201985
  value: 10340.460150256198
numL:
  composition: 0
  errDn: -194.85673079689877
  errUp: 194.85673079689877
  error: 194.85673079689877
  value: 66724.6912738433
