numB:
  composition: 0
  errDn: -34.37560248324883
  errUp: 34.37560248324883
  error: 34.37560248324883
  value: 598.7920800772531
numC:
  composition: 0
  errDn: -129.7649469283408
  errUp: 129.7649469283408
  error: 129.7649469283408
  value: 3290.430078584522
numL:
  composition: 0
  errDn: -151.6926432358323
  errUp: 151.6926432358323
  error: 151.6926432358323
  value: 22956.54050480223
