numB:
  composition: 0
  errDn: -4.399536948312108
  errUp: 4.399536948312108
  error: 4.399536948312108
  value: 3.7025711606546503
numC:
  composition: 0
  errDn: -13.348245571122408
  errUp: 13.348245571122408
  error: 13.348245571122408
  value: 48.799911400165975
numL:
  composition: 0
  errDn: -16.170418547510224
  errUp: 16.170418547510224
  error: 16.170418547510224
  value: 426.53792694567164
