numB:
  composition: 0
  errDn: -185.42258068010142
  errUp: 185.42258068010142
  error: 185.42258068010142
  value: 15150.420913935364
numC:
  composition: 0
  errDn: -638.0382114425593
  errUp: 638.0382114425593
  error: 638.0382114425593
  value: 165544.87741730458
numFAKE:
  composition: 0
  errDn: -751.6071781252977
  errUp: 751.6071781252977
  error: 751.6071781252977
  value: 629537.3184893437
numL:
  composition: 0
  errDn: -906.0661307943519
  errUp: 906.0661307943519
  error: 906.0661307943519
  value: 599569.3609851061
