numB:
  composition: 0
  errDn: -20.591413812430375
  errUp: 20.591413812430375
  error: 20.591413812430375
  value: 407.27040562851835
numC:
  composition: 0
  errDn: -77.40370970883919
  errUp: 77.40370970883919
  error: 77.40370970883919
  value: 2356.075410851699
numL:
  composition: 0
  errDn: -113.2999404355196
  errUp: 113.2999404355196
  error: 113.2999404355196
  value: 24182.402937361538
