numB:
  errDn: 304.2324981689453
  errUp: 0.9306725030900793
  error: 304.2324981689453
  value: 508.75
