numC:
  errDn: 63.59403094263371
  errUp: 64.01399830691525
  error: 64.01399830691525
  value: 2233.66259765625
