numL:
  errDn: 97.42095221011914
  errUp: 97.68690360563778
  error: 97.68690360563778
  value: 24157.44140625
