numC:
  errDn: 1.1731880930433363
  errUp: 2348.146484375
  error: 2348.146484375
  value: 2356.0
