numB:
  errDn: 19.13857136677774
  errUp: 19.427323151312066
  error: 19.427323151312066
  value: 407.320556640625
