numB:
  composition: 0
  errDn: -25.803761979375707
  errUp: 25.803761979375707
  error: 25.803761979375707
  value: 323.488369364999
numC:
  composition: 0
  errDn: -56.314531591215086
  errUp: 56.314531591215086
  error: 56.314531591215086
  value: 873.4483247351097
numL:
  composition: 0
  errDn: -52.26455046193678
  errUp: 52.26455046193678
  error: 52.26455046193678
  value: 1886.9960918893269
