numFAKE:
  composition: 0
  errDn: -18.846789487768916
  errUp: 18.846789487768916
  error: 18.846789487768916
  value: 169.3173732337396
numSIGN:
  composition: 0
  errDn: -88.66958667719427
  errUp: 88.66958667719427
  error: 88.66958667719427
  value: 7689.670364059078
