numB:
  composition: 0
  errDn: -14.567659478389217
  errUp: 14.567659478389217
  error: 14.567659478389217
  value: 251.85499603689482
numC:
  composition: 0
  errDn: -67.36412669990739
  errUp: 67.36412669990739
  error: 67.36412669990739
  value: 2089.65712804583
numL:
  composition: 0
  errDn: -71.3149261835215
  errUp: 71.3149261835215
  error: 71.3149261835215
  value: 5333.283783820385
