numFAKE:
  errDn: 19.275249862067113
  errUp: 20.5090017790356
  error: 20.5090017790356
  value: 183.93032836914062
