numB:
  errDn: 12.587279304928643
  errUp: 12.901329944712728
  error: 12.901329944712728
  value: 221.1982879638672
