numFAKE:
  errDn: 88.52482360264607
  errUp: 4.4014205782727345
  error: 88.52482360264607
  value: 211.25
