numSIGN:
  errDn: 87.75845223823399
  errUp: 88.57446050545786
  error: 88.57446050545786
  value: 7668.388671875
