numL:
  errDn: 48.66626848867145
  errUp: 48.89328271337126
  error: 48.89328271337126
  value: 5016.95068359375
