numSIGN:
  errDn: 87.30622536460396
  errUp: 87.99689474132447
  error: 87.99689474132447
  value: 7137.5009765625
