numC:
  errDn: 44.293571603798
  errUp: 44.580623341134014
  error: 44.580623341134014
  value: 2034.145263671875
