numB:
  composition: 0
  errDn: -23.117007920051066
  errUp: 23.117007920051066
  error: 23.117007920051066
  value: 514.456081992547
numC:
  composition: 0
  errDn: -85.6274839473233
  errUp: 85.6274839473233
  error: 85.6274839473233
  value: 2715.2295838880787
numL:
  composition: 0
  errDn: -122.28981830120756
  errUp: 122.28981830120756
  error: 122.28981830120756
  value: 27431.756667158737
