numB:
  composition: 0
  errDn: -22.545060934408212
  errUp: 22.545060934408212
  error: 22.545060934408212
  value: 475.7562028358829
numC:
  composition: 0
  errDn: -119.40214418305209
  errUp: 119.40214418305209
  error: 119.40214418305209
  value: 4107.197048056608
numL:
  composition: 0
  errDn: -134.04069580223222
  errUp: 134.04069580223222
  error: 134.04069580223222
  value: 21189.57507158708
