emptyFAKE: 0
nB:
  composition: 0.1
  value: 907.6832317849072
nC:
  composition: 0.2
  value: 1815.3664635698144
nDATA:
  value: 11346.040397311339
nFAKE:
  composition: 0.2
  value: 2269.208079462268
nL:
  composition: 0.7
  value: 6353.78262249435
nSIGN:
  value: 9076.832317849072
