numB:
  errDn: 10.709396779570397
  errUp: 135.27432383399446
  error: 135.27432383399446
  value: 2330.0
