numB:
  errDn: 33.579906361120266
  errUp: 33.867587736029236
  error: 33.867587736029236
  value: 1626.4718017578125
