numC:
  errDn: 3275.544921875
  errUp: 0.0
  error: 3275.544921875
  value: 5477.5
