numC:
  errDn: 55.3128397007722
  errUp: 55.22643755937315
  error: 55.3128397007722
  value: 4115.5771484375
