numL:
  errDn: 50.59249671685848
  errUp: 50.45931834535577
  error: 50.59249671685848
  value: 3298.388916015625
