numB:
  composition: 0
  errDn: -18.325222291387732
  errUp: 18.325222291387732
  error: 18.325222291387732
  value: 33.173166422824025
numC:
  composition: 0
  errDn: -52.78608665797384
  errUp: 52.78608665797384
  error: 52.78608665797384
  value: 803.5032714313286
numL:
  composition: 0
  errDn: -74.25398819373368
  errUp: 74.25398819373368
  error: 74.25398819373368
  value: 10316.916379894757
