numB:
  composition: 0
  errDn: -5.751428868515347
  errUp: 5.751428868515347
  error: 5.751428868515347
  value: 4.146698191952843
numC:
  composition: 0
  errDn: -10.276720977678547
  errUp: 10.276720977678547
  error: 10.276720977678547
  value: 19.952877133845462
numL:
  composition: 0
  errDn: -11.504168951196085
  errUp: 11.504168951196085
  error: 11.504168951196085
  value: 138.74713868393474
