rB:
  errDn: -0.023074492278968312
  errUp: 0.023074492278968312
  error: 0.023074492278968312
  value: 5.2197449921381756e-14
rC:
  errDn: -0.015561321575360935
  errUp: 0.015561321575360935
  error: 0.015561321575360935
  value: 0.08313385788839948
rL:
  errDn: -0.00937438379738148
  errUp: 0.00937438379738148
  error: 0.00937438379738148
  value: 0.5992649135619188
