nB:
  composition: 1.2258409478669391e-14
  error: 0.9240149854634563
  value: 1.5471351142489626e-12
nC:
  composition: 0.35799981454444874
  error: 11.267109899543652
  value: 45.183193214431135
nFAKE:
  error: 3.370930426744125
  value: 6.782526783139135
nL:
  composition: 0.6420001854555389
  error: 11.765703078364929
  value: 81.02690907829141
