nB:
  composition: 4.671979788974564e-15
  error: 0.7541122465124903
  value: 5.606420275944268e-14
nC:
  composition: 0.3309640896462949
  error: 3.305803450110705
  value: 3.971600620322218
nL:
  composition: 0.6690359103537004
  error: 3.4551693763959705
  value: 8.028494690823756
