numB:
  composition: 0
  errDn: -2.7825971535427607
  errUp: 2.7825971535427607
  error: 2.7825971535427607
  value: 9.251868598209505
numC:
  composition: 0
  errDn: -6.831708429584278
  errUp: 6.831708429584278
  error: 6.831708429584278
  value: 21.750547994855694
numL:
  composition: 0
  errDn: -7.041691960739211
  errUp: 7.041691960739211
  error: 7.041691960739211
  value: 59.997698876226245
