numFAKE:
  composition: 0
  errDn: -19.78503931053251
  errUp: 19.78503931053251
  error: 19.78503931053251
  value: 240.859674502811
numSIGN:
  composition: 0
  errDn: -43.77998604998129
  errUp: 43.77998604998129
  error: 43.77998604998129
  value: 1769.1409842576295
