numB:
  composition: 0
  errDn: -34.638173641084165
  errUp: 34.638173641084165
  error: 34.638173641084165
  value: 888.339009545987
numC:
  composition: 0
  errDn: -35.93688404785465
  errUp: 35.93688404785465
  error: 35.93688404785465
  value: 297.80439122765966
numL:
  composition: 0
  errDn: -30.74542784950421
  errUp: 30.74542784950421
  error: 30.74542784950421
  value: 577.2320246354503
