nFAKE:
  composition: 0.999997714152505
  error: 10.712022237746709
  value: 16.994911612348425
nSIGN:
  composition: 2.285847494804175e-06
  error: 16.99733368657555
  value: 3.884786493379977e-05
