nFAKE:
  composition: 1.3897417153479233e-08
  error: 0.49309376606711375
  value: 1.6670501512550118e-07
nSIGN:
  composition: 0.9999999861025829
  error: 6.359766086022521
  value: 11.995395329052009
