numB:
  composition: 0
  errDn: -17.70767364531008
  errUp: 17.70767364531008
  error: 17.70767364531008
  value: 402.703340050003
numC:
  composition: 0
  errDn: -23.337017933350523
  errUp: 23.337017933350523
  error: 23.337017933350523
  value: 282.22596808056807
numL:
  composition: 0
  errDn: -18.662295442024643
  errUp: 18.662295442024643
  error: 18.662295442024643
  value: 211.53473921609972
