numB:
  composition: 0
  errDn: -38.54799628933938
  errUp: 38.54799628933938
  error: 38.54799628933938
  value: 1452.1686810919848
numC:
  composition: 0
  errDn: -163.66079186467323
  errUp: 163.66079186467323
  error: 163.66079186467323
  value: 9533.4323245255
numL:
  composition: 0
  errDn: -181.8889498807912
  errUp: 181.8889498807912
  error: 181.8889498807912
  value: 40139.047930009365
