numFAKE:
  composition: 0
  errDn: -101.52961560630683
  errUp: 101.52961560630683
  error: 101.52961560630683
  value: 5291.92908855818
numSIGN:
  composition: 0
  errDn: -236.96939437985566
  errUp: 236.96939437985566
  error: 236.96939437985566
  value: 51436.07479428636
