numB:
  errDn: 2.2599337253407157
  errUp: 639.0039921685225
  error: 639.0039921685225
  value: 1452.0
