numC:
  errDn: 111.73144162634162
  errUp: 112.0754322600751
  error: 112.0754322600751
  value: 9533.7158203125
