numC:
  errDn: 122.01589360770959
  errUp: 122.52331659225456
  error: 122.52331659225456
  value: 12625.0517578125
