numSIGN:
  errDn: 231.9663470845553
  errUp: 232.87856635829667
  error: 232.87856635829667
  value: 51436.40234375
