numSIGN:
  errDn: 230.0636272544143
  errUp: 231.31054729119933
  error: 231.31054729119933
  value: 48844.08984375
