numB:
  errDn: 32.057113516780646
  errUp: 32.46383665334929
  error: 32.46383665334929
  value: 1169.12548828125
