numFAKE:
  errDn: 101.49671660374679
  errUp: 103.26531841127053
  error: 103.26531841127053
  value: 5538.1083984375
