numFAKE:
  errDn: 830.21607360297
  errUp: 11.207077112118895
  error: 830.21607360297
  value: 5291.0
