numL:
  errDn: 133.04959179085563
  errUp: 133.25555837033608
  error: 133.25555837033608
  value: 37685.45703125
