numB:
  errDn: 17.202719451892904
  errUp: 17.533594881875842
  error: 17.533594881875842
  value: 337.94305419921875
