numC:
  errDn: 1.1611558162414894
  errUp: 1531.876708984375
  error: 1531.876708984375
  value: 1537.0
