numB:
  errDn: 251.90750122070312
  errUp: 0.8423299468714163
  error: 251.90750122070312
  value: 421.25
