numC:
  errDn: 52.263220702132685
  errUp: 52.62445299638057
  error: 52.62445299638057
  value: 1440.9976806640625
