numL:
  errDn: 84.64242873299736
  errUp: 84.90730083147719
  error: 84.90730083147719
  value: 18426.306640625
