nFAKE:
  composition: 0.09133425406000112
  error: 90.1494315783325
  value: 4876.976063217286
nSIGN:
  composition: 0.9086657459399989
  error: 227.1034122518322
  value: 48520.03378166966
