nFAKE:
  composition: 0.08987723246313245
  error: 54.650929350757906
  value: 1784.602761999632
nSIGN:
  composition: 0.9101227675368676
  error: 138.77571754263045
  value: 18071.40206916464
