numB:
  composition: 0
  errDn: -18.024984345571028
  errUp: 18.024984345571028
  error: 18.024984345571028
  value: 391.2875244963461
numC:
  composition: 0
  errDn: -38.81167063442092
  errUp: 38.81167063442092
  error: 38.81167063442092
  value: 925.280579925071
numL:
  composition: 0
  errDn: -36.442960215557946
  errUp: 36.442960215557946
  error: 36.442960215557946
  value: 1429.7786002635542
