nFAKE:
  composition: 0.06029927554321078
  error: 49.84737512911681
  value: 1247.049357527834
nSIGN:
  composition: 0.9397007244567892
  error: 143.98396013001366
  value: 19433.951306140036
