nFAKE:
  composition: 0.05507177621682994
  error: 28.806661106919393
  value: 401.08779048167446
nSIGN:
  composition: 0.9449282237831701
  error: 85.54947988017011
  value: 6881.913013823272
