rB:
  errDn: -0.009695030106314438
  errUp: 0.009695030106314438
  error: 0.009695030106314438
  value: 7.410025360996518e-09
rC:
  errDn: -0.006684450369043138
  errUp: 0.006684450369043138
  error: 0.006684450369043138
  value: 0.7436814263156366
rL:
  errDn: -0.0024336307200670503
  errUp: 0.0024336307200670503
  error: 0.0024336307200670503
  value: 0.009588711767817634
