nFAKE:
  composition: 0.026887452877627293
  error: 5.499455921572854
  value: 12.905978421843812
nSIGN:
  composition: 0.9731125471223727
  error: 21.724208850861856
  value: 467.0940602795801
