nB:
  composition: 0.014741266757872103
  error: 2.847072211357961
  value: 6.863753256313907
nC:
  composition: 0.1823651223484705
  error: 21.039755024350157
  value: 84.91191584257595
nFAKE:
  error: 5.99121050686544
  value: 14.387954797412725
nL:
  composition: 0.8028936108936574
  error: 21.911727700054257
  value: 373.83921794251984
