nB:
  composition: 0.02970595186759712
  error: 15.323832372761146
  value: 201.65214693241208
nC:
  composition: 0.15727952072514456
  error: 72.07473520120118
  value: 1067.6565142260715
nFAKE:
  error: 28.41581573687779
  value: 592.9764634325226
nL:
  composition: 0.8130145274072582
  error: 75.61206155740228
  value: 5518.965548373637
