numB:
  composition: 0
  errDn: -15.08033135644876
  errUp: 15.08033135644876
  error: 15.08033135644876
  value: 115.41881489858115
numC:
  composition: 0
  errDn: -32.95497625559662
  errUp: 32.95497625559662
  error: 32.95497625559662
  value: 361.2107789171196
numL:
  composition: 0
  errDn: -36.54706896714231
  errUp: 36.54706896714231
  error: 36.54706896714231
  value: 1291.9175329320283
