numB:
  composition: 0
  errDn: -7.806419853118575
  errUp: 7.806419853118575
  error: 7.806419853118575
  value: 10.804887948025783
numC:
  composition: 0
  errDn: -18.418329768966327
  errUp: 18.418329768966327
  error: 18.418329768966327
  value: 76.79092320392996
numL:
  composition: 0
  errDn: -22.334587318021704
  errUp: 22.334587318021704
  error: 22.334587318021704
  value: 915.342835801364
