nB:
  composition: 0.032855135214398354
  error: 2.4135509689662564
  value: 5.191050834910559
nC:
  composition: 0.07525470569475036
  error: 9.200435021334403
  value: 11.890104858143586
nL:
  composition: 0.8918901590908513
  error: 10.264578621088248
  value: 140.91700200850497
