nB:
  composition: 0.03506209239235633
  error: 6.924324875599501
  value: 38.01405834811455
nC:
  composition: 0.16863456669438787
  error: 28.6583428983362
  value: 182.83233601959776
nFAKE:
  error: 8.996502288115828
  value: 43.78032107873437
nL:
  composition: 0.7963033409132557
  error: 29.404719203930085
  value: 863.3461267951649
