emptyFAKE: 1
nB:
  composition: 0.1
  value: 0.007024094550695738
nC:
  composition: 0.2
  value: 0.014048189101391476
nDATA:
  value: 0.08780118188369672
nFAKE:
  composition: 0.2
  value: 0.017560236376739344
nL:
  composition: 0.7
  value: 0.04916866185487016
nSIGN:
  value: 0.07024094550695738
