numB:
  composition: 0
  errDn: -0.899510775807872
  errUp: 0.899510775807872
  error: 0.899510775807872
  value: 0.7802781611439088
numC:
  composition: 0
  errDn: -2.326744087466931
  errUp: 2.326744087466931
  error: 2.326744087466931
  value: 7.023990611486855
numL:
  composition: 0
  errDn: -2.4406423196665714
  errUp: 2.4406423196665714
  error: 2.4406423196665714
  value: 9.288498725148129
