nFAKE:
  composition: 0.07827736287013393
  error: 75.12449512216108
  value: 3049.375235285112
nSIGN:
  composition: 0.921722637129866
  error: 196.73034606084184
  value: 35906.65398537448
