nFAKE:
  composition: 0.11121715361630129
  error: 34.55904290846985
  value: 644.9483621599115
nSIGN:
  composition: 0.8887828463836986
  error: 75.46551124885218
  value: 5154.052432132852
