numB:
  composition: 0
  errDn: -3.7028647431445405
  errUp: 3.7028647431445405
  error: 3.7028647431445405
  value: 9.160895977921031
numC:
  composition: 0
  errDn: -8.382370401183778
  errUp: 8.382370401183778
  error: 8.382370401183778
  value: 18.11882535129297
numL:
  composition: 0
  errDn: -8.83221834219151
  errUp: 8.83221834219151
  error: 8.83221834219151
  value: 67.9895652875228
