numB:
  composition: 0
  errDn: -8.150751049181011
  errUp: 8.150751049181011
  error: 8.150751049181011
  value: 16.40564533364367
numC:
  composition: 0
  errDn: -17.909991513048737
  errUp: 17.909991513048737
  error: 17.909991513048737
  value: 104.61826459958218
numL:
  composition: 0
  errDn: -14.870237813887265
  errUp: 14.870237813887265
  error: 14.870237813887265
  value: 138.67886432591484
