numB:
  composition: 0
  errDn: -41.137853018849455
  errUp: 41.137853018849455
  error: 41.137853018849455
  value: 2219.7342418000944
numC:
  composition: 0
  errDn: -81.52749988942332
  errUp: 81.52749988942332
  error: 81.52749988942332
  value: 5298.010696878199
numL:
  composition: 0
  errDn: -68.99402836630952
  errUp: 68.99402836630952
  error: 68.99402836630952
  value: 3639.3751260121217
