numB:
  composition: 0
  errDn: -13.466565607394408
  errUp: 13.466565607394408
  error: 13.466565607394408
  value: 138.15243966667217
numC:
  composition: 0
  errDn: -57.11066854011938
  errUp: 57.11066854011938
  error: 57.11066854011938
  value: 838.4929945959733
numL:
  composition: 0
  errDn: -81.18791128305566
  errUp: 81.18791128305566
  error: 81.18791128305566
  value: 10961.571357344394
