numB:
  composition: 0
  errDn: -57.39004311285292
  errUp: 57.39004311285292
  error: 57.39004311285292
  value: 89.2987832788273
numC:
  composition: 0
  errDn: -125.81033658219621
  errUp: 125.81033658219621
  error: 125.81033658219621
  value: 2664.9644435567184
numL:
  composition: 0
  errDn: -124.39850878935249
  errUp: 124.39850878935249
  error: 124.39850878935249
  value: 16706.812395484307
