numB:
  composition: 0
  errDn: -36.97027390961557
  errUp: 36.97027390961557
  error: 36.97027390961557
  value: 1085.3079643092874
numC:
  composition: 0
  errDn: -42.41855217491059
  errUp: 42.41855217491059
  error: 42.41855217491059
  value: 470.5555371193779
numL:
  composition: 0
  errDn: -37.828572826331765
  errUp: 37.828572826331765
  error: 37.828572826331765
  value: 813.5933363617394
