numFAKE:
  composition: 0
  errDn: -19.900950393273362
  errUp: 19.900950393273362
  error: 19.900950393273362
  value: 253.46931359954584
numSIGN:
  composition: 0
  errDn: -50.13695096398055
  errUp: 50.13695096398055
  error: 50.13695096398055
  value: 2374.533675623342
