numB:
  composition: 0
  errDn: -63.31231367732636
  errUp: 63.31231367732636
  error: 63.31231367732636
  value: 411.5762453311475
numC:
  composition: 0
  errDn: -112.9720744928909
  errUp: 112.9720744928909
  error: 112.9720744928909
  value: 6530.7373937081875
numL:
  composition: 0
  errDn: -78.99158910268636
  errUp: 78.99158910268636
  error: 78.99158910268636
  value: 1946.6499588519569
