numB:
  composition: 0
  errDn: -17.1757248951574
  errUp: 17.1757248951574
  error: 17.1757248951574
  value: 339.67351248902366
numC:
  composition: 0
  errDn: -60.9335565335457
  errUp: 60.9335565335457
  error: 60.9335565335457
  value: 1539.0779736084287
numL:
  composition: 0
  errDn: -92.54642972266447
  errUp: 92.54642972266447
  error: 92.54642972266447
  value: 18430.629451695633
