numB:
  composition: 0
  errDn: -22.608469918178855
  errUp: 22.608469918178855
  error: 22.608469918178855
  value: 312.1175418042569
numC:
  composition: 0
  errDn: -39.3800550070423
  errUp: 39.3800550070423
  error: 39.3800550070423
  value: 664.3621025777173
numL:
  composition: 0
  errDn: -35.78792969159747
  errUp: 35.78792969159747
  error: 35.78792969159747
  value: 1054.0131412697401
