rB:
  errDn: -0.05285267953617634
  errUp: 0.05285267953617634
  error: 0.05285267953617634
  value: 0.356268286269493
rC:
  errDn: -0.049310896175293606
  errUp: 0.049310896175293606
  error: 0.049310896175293606
  value: 0.819869144663482
rL:
  errDn: -0.016236163872962894
  errUp: 0.016236163872962894
  error: 0.016236163872962894
  value: 0.6736746191822606
