numB:
  composition: 0
  errDn: -79.51259284597211
  errUp: 79.51259284597211
  error: 79.51259284597211
  value: 401.8902757336833
numC:
  composition: 0
  errDn: -171.89123117579493
  errUp: 171.89123117579493
  error: 171.89123117579493
  value: 11692.083109304036
numL:
  composition: 0
  errDn: -139.62482768487462
  errUp: 139.62482768487462
  error: 139.62482768487462
  value: 18684.206870566948
