numB:
  composition: 0
  errDn: -10.15514604424709
  errUp: 10.15514604424709
  error: 10.15514604424709
  value: 99.85569876177551
numC:
  composition: 0
  errDn: -27.658375127835797
  errUp: 27.658375127835797
  error: 27.658375127835797
  value: 298.0083723325279
numL:
  composition: 0
  errDn: -29.90996183961886
  errUp: 29.90996183961886
  error: 29.90996183961886
  value: 1007.2608240382752
