numB:
  composition: 0
  errDn: -18.808995464850227
  errUp: 18.808995464850227
  error: 18.808995464850227
  value: 337.59376085314096
numC:
  composition: 0
  errDn: -62.31625611908066
  errUp: 62.31625611908066
  error: 62.31625611908066
  value: 1538.388926250155
numL:
  composition: 0
  errDn: -94.52458508143718
  errUp: 94.52458508143718
  error: 94.52458508143718
  value: 18447.17540398423
