numB:
  composition: 0
  errDn: -37.17224409503586
  errUp: 37.17224409503586
  error: 37.17224409503586
  value: 17.645326788255733
numC:
  composition: 0
  errDn: -87.41997173373727
  errUp: 87.41997173373727
  error: 87.41997173373727
  value: 1636.0065318667844
numL:
  composition: 0
  errDn: -110.5341358763817
  errUp: 110.5341358763817
  error: 110.5341358763817
  value: 15192.8406826391
