numB:
  composition: 0
  errDn: -22.48995380474873
  errUp: 22.48995380474873
  error: 22.48995380474873
  value: 51.72333889647521
numC:
  composition: 0
  errDn: -65.63396016258594
  errUp: 65.63396016258594
  error: 65.63396016258594
  value: 1527.4250268379121
numL:
  composition: 0
  errDn: -88.6407430137142
  errUp: 88.6407430137142
  error: 88.6407430137142
  value: 15261.131525475506
