numB:
  composition: 0
  errDn: -42.77424047483808
  errUp: 42.77424047483808
  error: 42.77424047483808
  value: 162.32407735528503
numC:
  composition: 0
  errDn: -100.9199925470059
  errUp: 100.9199925470059
  error: 100.9199925470059
  value: 2722.7005386543497
numL:
  composition: 0
  errDn: -89.04770472072187
  errUp: 89.04770472072187
  error: 89.04770472072187
  value: 7315.007758034625
