rB:
  errDn: -0.00946905791125241
  errUp: 0.00946905791125241
  error: 0.00946905791125241
  value: 0.5312888784949378
rC:
  errDn: -0.004884949279453089
  errUp: 0.004884949279453089
  error: 0.004884949279453089
  value: 0.023301533894933796
rL:
  errDn: -0.002259320951151408
  errUp: 0.002259320951151408
  error: 0.002259320951151408
  value: 1.6551000441055244e-10
