nFAKE:
  composition: 0.06397343598090248
  error: 70.35706857908076
  value: 2677.6081413493876
nSIGN:
  composition: 0.9360265640190975
  error: 207.39349680011583
  value: 39177.39152052143
