nFAKE:
  composition: 0.06994269456832532
  error: 134.71669357747487
  value: 10077.623117686946
nSIGN:
  composition: 0.9300573054316746
  error: 369.0879643620865
  value: 134006.37564564866
