numB:
  composition: 0
  errDn: -67.30962543115902
  errUp: 67.30962543115902
  error: 67.30962543115902
  value: 2976.055861434845
numC:
  composition: 0
  errDn: -111.34696736890828
  errUp: 111.34696736890828
  error: 111.34696736890828
  value: 6722.756050450151
numL:
  composition: 0
  errDn: -89.95777461435546
  errUp: 89.95777461435546
  error: 89.95777461435546
  value: 5364.27712541848
