numB:
  composition: 0
  errDn: -28.122189253468775
  errUp: 28.122189253468775
  error: 28.122189253468775
  value: 985.9605467132295
numC:
  composition: 0
  errDn: -117.68900205204864
  errUp: 117.68900205204864
  error: 117.68900205204864
  value: 7685.171557861236
numL:
  composition: 0
  errDn: -131.77971486709794
  errUp: 131.77971486709794
  error: 131.77971486709794
  value: 22059.278196601692
