emptyFAKE: 0
nB:
  composition: 0.1
  value: 2595.0400000000004
nC:
  composition: 0.2
  value: 5190.080000000001
nDATA:
  value: 32438.0
nFAKE:
  composition: 0.2
  value: 6487.6
nL:
  composition: 0.7
  value: 18165.28
