numB:
  composition: 0
  errDn: -2.893559724069117
  errUp: 2.893559724069117
  error: 2.893559724069117
  value: 9.449297897924705
numC:
  composition: 0
  errDn: -13.280491296133402
  errUp: 13.280491296133402
  error: 13.280491296133402
  value: 50.68269902882346
numL:
  composition: 0
  errDn: -15.842340710097346
  errUp: 15.842340710097346
  error: 15.842340710097346
  value: 314.2863342346811
