nB:
  composition: 0.02967030702563677
  error: 37.25820195393146
  value: 856.5912446337887
nC:
  composition: 0.15304682281411808
  error: 204.13029950101782
  value: 4418.510678986772
nFAKE:
  error: 69.6402548957451
  value: 3102.9286093989094
nL:
  composition: 0.8172828701602451
  error: 217.3544274646556
  value: 23595.21761482058
