numB:
  composition: 0
  errDn: -11.307994665558123
  errUp: 11.307994665558123
  error: 11.307994665558123
  value: 23.34096581158161
numC:
  composition: 0
  errDn: -23.516730484532175
  errUp: 23.516730484532175
  error: 23.516730484532175
  value: 206.4747814554758
numL:
  composition: 0
  errDn: -18.164727886310203
  errUp: 18.164727886310203
  error: 18.164727886310203
  value: 179.02903627548378
