numB:
  composition: 0
  errDn: -4.121381709156528
  errUp: 4.121381709156528
  error: 4.121381709156528
  value: 13.98919481917301
numC:
  composition: 0
  errDn: -18.088795966325314
  errUp: 18.088795966325314
  error: 18.088795966325314
  value: 58.97832338059554
numL:
  composition: 0
  errDn: -21.046199265454646
  errUp: 21.046199265454646
  error: 21.046199265454646
  value: 523.6587118001836
