numB:
  errDn: 2.6882981419910736
  errUp: 3.101637428180913
  error: 3.101637428180913
  value: 7.951437473297119
