numC:
  errDn: 11.33662548391871
  errUp: 11.731522818483256
  error: 11.731522818483256
  value: 59.35441207885742
