numB:
  errDn: 4.706043515142554
  errUp: 3.117021927749949
  error: 4.706043515142554
  value: 14.5
