numL:
  errDn: 14.410555821452135
  errUp: 14.625191433127384
  error: 14.625191433127384
  value: 463.6280822753906
