numC:
  errDn: 7.126288157002975
  errUp: 0.0
  error: 7.126288157002975
  value: 130.0
