numB:
  composition: 0
  errDn: -49.66212299757237
  errUp: 49.66212299757237
  error: 49.66212299757237
  value: 62.174251393594716
numC:
  composition: 0
  errDn: -83.34217216334423
  errUp: 83.34217216334423
  error: 83.34217216334423
  value: 1690.1798881865045
numL:
  composition: 0
  errDn: -75.21203553423084
  errUp: 75.21203553423084
  error: 75.21203553423084
  value: 5324.452988019888
