numB:
  composition: 0
  errDn: -14.799293510822444
  errUp: 14.799293510822444
  error: 14.799293510822444
  value: 123.28178184637186
numC:
  composition: 0
  errDn: -30.368738467820137
  errUp: 30.368738467820137
  error: 30.368738467820137
  value: 270.3657700908021
numL:
  composition: 0
  errDn: -28.513327345456958
  errUp: 28.513327345456958
  error: 28.513327345456958
  value: 627.6507973818449
