numB:
  composition: 0
  errDn: -2.6729088275319786
  errUp: 2.6729088275319786
  error: 2.6729088275319786
  value: 9.103807012998145
numC:
  composition: 0
  errDn: -7.315082005113306
  errUp: 7.315082005113306
  error: 7.315082005113306
  value: 18.62518665252214
numL:
  composition: 0
  errDn: -7.782155842690933
  errUp: 7.782155842690933
  error: 7.782155842690933
  value: 67.50084958011985
