rB:
  errDn: -0.0006218018902985297
  errUp: 0.0006218018902985297
  error: 0.0006218018902985297
  value: 4.0017132402897504e-13
rC:
  errDn: -0.0006569698343166617
  errUp: 0.0006569698343166617
  error: 0.0006569698343166617
  value: 1.053526840419372e-13
rL:
  errDn: -0.0031570684779141933
  errUp: 0.0031570684779141933
  error: 0.0031570684779141933
  value: 0.6578651369951419
