numFAKE:
  composition: 0
  errDn: -92.14308179080808
  errUp: 92.14308179080808
  error: 92.14308179080808
  value: 3871.5759547031485
numSIGN:
  composition: 0
  errDn: -236.01011518933228
  errUp: 236.01011518933228
  error: 236.01011518933228
  value: 50996.42114538833
