numB:
  composition: 0
  errDn: -35.208364823512625
  errUp: 35.208364823512625
  error: 35.208364823512625
  value: 1460.1515323977312
numC:
  composition: 0
  errDn: -127.38208300009956
  errUp: 127.38208300009956
  error: 127.38208300009956
  value: 9506.596449985112
numL:
  composition: 0
  errDn: -153.6245653877013
  errUp: 153.6245653877013
  error: 153.6245653877013
  value: 39954.902116572914
