emptyFAKE: 0
nB:
  composition: 0.1
  value: 1459.0622727230639
nC:
  composition: 0.2
  value: 2918.1245454461277
nDATA:
  value: 18238.278409038296
nFAKE:
  composition: 0.2
  value: 3647.655681807659
nL:
  composition: 0.7
  value: 10213.435909061445
nSIGN:
  value: 14590.622727230637
