numC:
  errDn: 48.90647043054787
  errUp: 49.288413675792526
  error: 49.288413675792526
  value: 1278.001708984375
