numL:
  errDn: 76.43777231102831
  errUp: 76.68427738892933
  error: 76.68427738892933
  value: 14962.25390625
