numB:
  errDn: 14.786152743311249
  errUp: 15.115361125142385
  error: 15.115361125142385
  value: 256.1014404296875
