numC:
  errDn: 1.1160027959172112
  errUp: 1347.493408203125
  error: 1347.493408203125
  value: 1352.0
