numB:
  errDn: 191.36000061035156
  errUp: 0.8679617257307086
  error: 191.36000061035156
  value: 320.0
