emptyFAKE: 0
nB:
  composition: 0.1
  value: 162.96000000000004
nC:
  composition: 0.2
  value: 325.9200000000001
nDATA:
  value: 2037.0
nFAKE:
  composition: 0.2
  value: 407.40000000000003
nL:
  composition: 0.7
  value: 1140.72
nSIGN:
  value: 1629.6000000000001
