numFAKE:
  composition: 0
  errDn: -20.199623035306374
  errUp: 20.199623035306374
  error: 20.199623035306374
  value: 252.34746295988816
numSIGN:
  composition: 0
  errDn: -44.018580379759214
  errUp: 44.018580379759214
  error: 44.018580379759214
  value: 1784.6526885530845
