numB:
  composition: 0
  errDn: -35.43575777769661
  errUp: 35.43575777769661
  error: 35.43575777769661
  value: 935.6124601763701
numC:
  composition: 0
  errDn: -35.125523016292675
  errUp: 35.125523016292675
  error: 35.125523016292675
  value: 444.5959595692789
numL:
  composition: 0
  errDn: -27.180459279095743
  errUp: 27.180459279095743
  error: 27.180459279095743
  value: 397.91923476253385
