numB:
  composition: 0
  errDn: -158.53123602811957
  errUp: 158.53123602811957
  error: 158.53123602811957
  value: 16132.880492561739
numC:
  composition: 0
  errDn: -581.56589327861
  errUp: 581.56589327861
  error: 581.56589327861
  value: 124470.55064884068
numFAKE:
  composition: 0
  errDn: -574.6349234496302
  errUp: 574.6349234496302
  error: 574.6349234496302
  value: 313732.13892853155
numL:
  composition: 0
  errDn: -781.9857551222085
  errUp: 781.9857551222085
  error: 781.9857551222085
  value: 603014.2607027276
