numB:
  composition: 0
  errDn: -49.88482967457412
  errUp: 49.88482967457412
  error: 49.88482967457412
  value: 1997.4475737463956
numC:
  composition: 0
  errDn: -52.25931722677501
  errUp: 52.25931722677501
  error: 52.25931722677501
  value: 1461.0987442270562
numL:
  composition: 0
  errDn: -37.10493410277002
  errUp: 37.10493410277002
  error: 37.10493410277002
  value: 502.3686928094804
