rB:
  errDn: -0.008352061585680276
  errUp: 0.008352061585680276
  error: 0.008352061585680276
  value: 7.867148042609365e-09
rC:
  errDn: -0.014310724395365293
  errUp: 0.014310724395365293
  error: 0.014310724395365293
  value: 0.6657555820437014
rL:
  errDn: -0.006181954959531943
  errUp: 0.006181954959531943
  error: 0.006181954959531943
  value: 0.7529821679124141
