numB:
  composition: 0
  errDn: -5.125262572934833
  errUp: 5.125262572934833
  error: 5.125262572934833
  value: 13.193260334110269
numC:
  composition: 0
  errDn: -12.576284732175475
  errUp: 12.576284732175475
  error: 12.576284732175475
  value: 23.038525424576452
numL:
  composition: 0
  errDn: -13.018437180727545
  errUp: 13.018437180727545
  error: 13.018437180727545
  value: 132.51517682340287
