numB:
  composition: 0
  errDn: -24.090370123906865
  errUp: 24.090370123906865
  error: 24.090370123906865
  value: 511.8015621747555
numC:
  composition: 0
  errDn: -87.93073057743186
  errUp: 87.93073057743186
  error: 87.93073057743186
  value: 2281.3663571140696
numL:
  composition: 0
  errDn: -106.71434201659031
  errUp: 106.71434201659031
  error: 106.71434201659031
  value: 17733.981885185636
