numB:
  composition: 0
  errDn: -12.711027461139764
  errUp: 12.711027461139764
  error: 12.711027461139764
  value: 216.82764256073327
numC:
  composition: 0
  errDn: -17.290629269970495
  errUp: 17.290629269970495
  error: 17.290629269970495
  value: 175.828976533107
numL:
  composition: 0
  errDn: -16.381647947602062
  errUp: 16.381647947602062
  error: 16.381647947602062
  value: 236.00935628078935
