numFAKE:
  composition: 0
  errDn: -13.463919583395366
  errUp: 13.463919583395366
  error: 13.463919583395366
  value: 115.83636233040917
numSIGN:
  composition: 0
  errDn: -38.65397329451332
  errUp: 38.65397329451332
  error: 38.65397329451332
  value: 1433.1650921661367
