numB:
  composition: 0
  errDn: -29.133881596635774
  errUp: 29.133881596635774
  error: 29.133881596635774
  value: 701.3235968539234
numC:
  composition: 0
  errDn: -30.385260842632874
  errUp: 30.385260842632874
  error: 30.385260842632874
  value: 403.0562981946078
numL:
  composition: 0
  errDn: -23.485173255280586
  errUp: 23.485173255280586
  error: 23.485173255280586
  value: 325.1745365621687
