emptyFAKE: 0
nB:
  composition: 0.1
  value: 123.92000000000002
nC:
  composition: 0.2
  value: 247.84000000000003
nDATA:
  value: 1549.0
nFAKE:
  composition: 0.2
  value: 309.8
nL:
  composition: 0.7
  value: 867.4399999999999
nSIGN:
  value: 1239.2
