numB:
  composition: 0
  errDn: -44.30013476801605
  errUp: 44.30013476801605
  error: 44.30013476801605
  value: 2370.845052315388
numC:
  composition: 0
  errDn: -160.7085669338867
  errUp: 160.7085669338867
  error: 160.7085669338867
  value: 13326.185034304155
numL:
  composition: 0
  errDn: -206.20569917513785
  errUp: 206.20569917513785
  error: 206.20569917513785
  value: 70492.9125819089
