numB:
  composition: 0
  errDn: -54.971349059303975
  errUp: 54.971349059303975
  error: 54.971349059303975
  value: 3651.94518351211
numC:
  composition: 0
  errDn: -212.05368661759894
  errUp: 212.05368661759894
  error: 212.05368661759894
  value: 25479.595599548808
numL:
  composition: 0
  errDn: -240.73469430828118
  errUp: 240.73469430828118
  error: 240.73469430828118
  value: 82865.24610504994
