emptyFAKE: 0
nB:
  composition: 0.1
  value: 9625.12
nC:
  composition: 0.2
  value: 19250.24
nDATA:
  value: 120314.0
nFAKE:
  composition: 0.2
  value: 24062.800000000003
nL:
  composition: 0.7
  value: 67375.84000000001
nSIGN:
  value: 96251.20000000001
