numFAKE:
  composition: 0
  errDn: -110.43858972090311
  errUp: 110.43858972090311
  error: 110.43858972090311
  value: 7949.615280206271
numSIGN:
  composition: 0
  errDn: -342.6963398646549
  errUp: 342.6963398646549
  error: 342.6963398646549
  value: 112365.4042589949
