numC:
  errDn: 159.35853363104252
  errUp: 159.7247491713606
  error: 159.7247491713606
  value: 25480.568359375
