numB:
  errDn: 48.57906961478375
  errUp: 48.94313437951132
  error: 48.94313437951132
  value: 3238.620849609375
