numSIGN:
  errDn: 336.7678934238502
  errUp: 338.00686886749463
  error: 338.00686886749463
  value: 107628.4453125
