numSIGN:
  errDn: 339.02595308830496
  errUp: 339.7220550074999
  error: 339.7220550074999
  value: 112365.59375
