numFAKE:
  errDn: 561.1226790760893
  errUp: 20.96737184196263
  error: 561.1226790760893
  value: 7949.0
