numFAKE:
  errDn: 111.50439419383747
  errUp: 112.60467104812778
  error: 112.60467104812778
  value: 8134.806640625
