emptyFAKE: 0
nB:
  composition: 0.1
  value: 68.54063600545132
nC:
  composition: 0.2
  value: 137.08127201090264
nDATA:
  value: 856.7579500681413
nFAKE:
  composition: 0.2
  value: 171.35159001362828
nL:
  composition: 0.7
  value: 479.78445203815915
nSIGN:
  value: 685.4063600545131
