numC:
  errDn: 14.206563928117987
  errUp: 14.478053183692566
  error: 14.478053183692566
  value: 278.275390625
