numB:
  errDn: 13.783183666474258
  errUp: 14.056126010472383
  error: 14.056126010472383
  value: 344.4996337890625
