numC:
  errDn: 14.129477726005007
  errUp: 14.377229278417246
  error: 14.377229278417246
  value: 268.488037109375
