numL:
  errDn: 11.753801319216308
  errUp: 12.15984388110283
  error: 12.15984388110283
  value: 159.84832763671875
