numB:
  errDn: 13.218707871598724
  errUp: 13.436854519232838
  error: 13.436854519232838
  value: 333.25921630859375
