numL:
  errDn: 96.63135284051168
  errUp: 96.89225710308165
  error: 96.89225710308165
  value: 20955.58203125
