numC:
  errDn: 87.90589844252099
  errUp: 88.19169486759893
  error: 88.19169486759893
  value: 5869.923828125
