numB:
  errDn: 80.17057370549298
  errUp: 7.152863329864886
  error: 80.17057370549298
  value: 612.0
