numB:
  errDn: 18.83264583547691
  errUp: 19.235588409171612
  error: 19.235588409171612
  value: 376.65667724609375
