numC:
  errDn: 73.9132878762407
  errUp: 74.30986540427739
  error: 74.30986540427739
  value: 3109.269287109375
