numB:
  errDn: 273.5850067138672
  errUp: 1.397732388309123
  error: 273.5850067138672
  value: 457.5
