numL:
  errDn: 77.23700002447731
  errUp: 77.4745566207057
  error: 77.4745566207057
  value: 14907.7890625
