numB:
  errDn: 18.631622035864154
  errUp: 18.915066816089336
  error: 18.915066816089336
  value: 393.2828674316406
