numC:
  errDn: 58.52871595444617
  errUp: 58.94100692369557
  error: 58.94100692369557
  value: 1565.881591796875
