numB:
  composition: 0
  errDn: -24.416781340011312
  errUp: 24.416781340011312
  error: 24.416781340011312
  value: 455.9343827017558
numC:
  composition: 0
  errDn: -27.331040200304216
  errUp: 27.331040200304216
  error: 27.331040200304216
  value: 308.3137121305896
numL:
  composition: 0
  errDn: -20.74055914981919
  errUp: 20.74055914981919
  error: 20.74055914981919
  value: 206.6952642988007
