numB:
  composition: 0
  errDn: -11.542331550638067
  errUp: 11.542331550638067
  error: 11.542331550638067
  value: 125.32241108070725
numC:
  composition: 0
  errDn: -48.26791453442337
  errUp: 48.26791453442337
  error: 48.26791453442337
  value: 682.1032083920418
numL:
  composition: 0
  errDn: -58.517519690748486
  errUp: 58.517519690748486
  error: 58.517519690748486
  value: 4750.4946908805805
