numB:
  errDn: 20.514322051227495
  errUp: 5.399597291120358
  error: 20.514322051227495
  value: 125.0
