numC:
  errDn: 39.4861596927376
  errUp: 39.874845049025225
  error: 39.874845049025225
  value: 1227.4788818359375
