numB:
  errDn: 8.569277487514825
  errUp: 8.93441217163624
  error: 8.93441217163624
  value: 80.93749237060547
