numL:
  errDn: 44.15395568994791
  errUp: 43.64455470902885
  error: 44.15395568994791
  value: 4326.80419921875
