numC:
  errDn: 33.691688708859715
  errUp: 34.054821647075414
  error: 34.054821647075414
  value: 682.7408447265625
