nFAKE:
  composition: 0.04341596122788345
  error: 8.200014849694677
  value: 37.381401962691754
nSIGN:
  composition: 0.9565840387721166
  error: 29.08041559491619
  value: 823.6245715428295
