nB:
  composition: 0.03165654951811925
  error: 1.7001065129793225
  value: 2.532574120430776
nC:
  composition: 0.20804189561081526
  error: 7.068693681797341
  value: 16.643681285850207
nL:
  composition: 0.7603015548710654
  error: 7.307503596288893
  value: 60.82532906776939
