nB:
  composition: 0.041106699683156445
  error: 5.605356208905645
  value: 33.86326869961467
nC:
  composition: 0.1555145485886642
  error: 21.511694358041304
  value: 128.11125646545315
nFAKE:
  error: 8.034551653791912
  value: 37.21107304098938
nL:
  composition: 0.8033787517281794
  error: 22.87808134943009
  value: 661.8150021048681
