nFAKE:
  composition: 0.06957903643247382
  error: 40.38272519259124
  value: 952.119380696192
nSIGN:
  composition: 0.9304209635675261
  error: 115.62874810319772
  value: 12731.878408209954
