nFAKE:
  composition: 0.07356976194395876
  error: 79.36365855975919
  value: 3697.68953683889
nSIGN:
  composition: 0.9264302380560413
  error: 221.9668217261642
  value: 46563.30681728251
