numB:
  composition: 0
  errDn: -0.6308569588894146
  errUp: 0.6308569588894146
  error: 0.6308569588894146
  value: 0.33378564521419035
numC:
  composition: 0
  errDn: -0.24315151211841152
  errUp: 0.24315151211841152
  error: 0.24315151211841152
  value: 0.10168562777436925
numL:
  composition: 0
  errDn: -0.6527172293787246
  errUp: 0.6527172293787246
  error: 0.6527172293787246
  value: 0.3927252428906602
