numB:
  composition: 0
  errDn: -4.110599116652558
  errUp: 4.110599116652558
  error: 4.110599116652558
  value: 9.481299536450166
numC:
  composition: 0
  errDn: -17.075297863423337
  errUp: 17.075297863423337
  error: 17.075297863423337
  value: 47.30248281921131
numL:
  composition: 0
  errDn: -19.648905753133874
  errUp: 19.648905753133874
  error: 19.648905753133874
  value: 317.4659086388973
