numB:
  composition: 0
  errDn: -0.9995447051490214
  errUp: 0.9995447051490214
  error: 0.9995447051490214
  value: 0.31416969267647205
numC:
  composition: 0
  errDn: -3.843261398476638
  errUp: 3.843261398476638
  error: 3.843261398476638
  value: 3.1666976937337155
numL:
  composition: 0
  errDn: -5.562145887005629
  errUp: 5.562145887005629
  error: 5.562145887005629
  value: 37.58544765559395
