numB:
  composition: 0
  errDn: -14.448869092036972
  errUp: 14.448869092036972
  error: 14.448869092036972
  value: 94.46849430051817
numC:
  composition: 0
  errDn: -32.185374963010304
  errUp: 32.185374963010304
  error: 32.185374963010304
  value: 298.53164855129677
numL:
  composition: 0
  errDn: -34.42810708943756
  errUp: 34.42810708943756
  error: 34.42810708943756
  value: 1010.5067635114037
