numB:
  composition: 0
  errDn: -24.64485215169768
  errUp: 24.64485215169768
  error: 24.64485215169768
  value: 79.76772442310536
numC:
  composition: 0
  errDn: -61.815201395304484
  errUp: 61.815201395304484
  error: 61.815201395304484
  value: 779.7307977622407
numL:
  composition: 0
  errDn: -64.87586924059087
  errUp: 64.87586924059087
  error: 64.87586924059087
  value: 5241.425852153271
