numB:
  composition: 0
  errDn: -14.452486581354165
  errUp: 14.452486581354165
  error: 14.452486581354165
  value: 249.6539110052392
numC:
  composition: 0
  errDn: -30.713343074986113
  errUp: 30.713343074986113
  error: 30.713343074986113
  value: 519.8582560111497
numL:
  composition: 0
  errDn: -29.85072203416189
  errUp: 29.85072203416189
  error: 29.85072203416189
  value: 1016.3312744643481
