nFAKE:
  composition: 0.07939759914963232
  error: 28.567347928704976
  value: 586.1128925838464
nSIGN:
  composition: 0.9206024008503677
  error: 83.80416925599047
  value: 6795.884785699359
