nB:
  composition: 0.027031483541861846
  error: 8.931985574677142
  value: 74.57985562135634
nC:
  composition: 0.14858810424720875
  error: 41.622639590930305
  value: 409.9545385530328
nL:
  composition: 0.8243804122109295
  error: 45.15815281312689
  value: 2274.4653294574837
