numB:
  composition: 0
  errDn: -20.077339894949233
  errUp: 20.077339894949233
  error: 20.077339894949233
  value: 475.35401373195657
numC:
  composition: 0
  errDn: -39.97139914703763
  errUp: 39.97139914703763
  error: 39.97139914703763
  value: 998.3953543027524
numL:
  composition: 0
  errDn: -38.0373353818602
  errUp: 38.0373353818602
  error: 38.0373353818602
  value: 1656.5624547828647
