numB:
  composition: 0
  errDn: -10.708995546151677
  errUp: 10.708995546151677
  error: 10.708995546151677
  value: 125.66638686668297
numC:
  composition: 0
  errDn: -45.91538353483446
  errUp: 45.91538353483446
  error: 45.91538353483446
  value: 681.0757409456803
numL:
  composition: 0
  errDn: -56.109813112199845
  errUp: 56.109813112199845
  error: 56.109813112199845
  value: 4751.6321305111705
