numB:
  composition: 0
  errDn: -77.810100023105
  errUp: 77.810100023105
  error: 77.810100023105
  value: 282.5391491788978
numC:
  composition: 0
  errDn: -164.90443558582638
  errUp: 164.90443558582638
  error: 164.90443558582638
  value: 7006.354148124229
numL:
  composition: 0
  errDn: -123.59697931060964
  errUp: 123.59697931060964
  error: 123.59697931060964
  value: 13873.470502677148
