rB:
  errDn: -0.017479117066071442
  errUp: 0.017479117066071442
  error: 0.017479117066071442
  value: 0.3432994835607834
rC:
  errDn: -0.014323411334448366
  errUp: 0.014323411334448366
  error: 0.014323411334448366
  value: 0.8301384657958415
rL:
  errDn: -0.007786155066971556
  errUp: 0.007786155066971556
  error: 0.007786155066971556
  value: 0.6825618661882839
