rB:
  errDn: -0.025713267292961528
  errUp: 0.025713267292961528
  error: 0.025713267292961528
  value: 0.5500146122970749
rC:
  errDn: -0.023554873331994353
  errUp: 0.023554873331994353
  error: 0.023554873331994353
  value: 1.0223146258281166
rL:
  errDn: -0.021531008119449746
  errUp: 0.021531008119449746
  error: 0.021531008119449746
  value: 0.32955800255164375
