numB:
  composition: 0
  errDn: -19.632420881803753
  errUp: 19.632420881803753
  error: 19.632420881803753
  value: 201.92725696888965
numC:
  composition: 0
  errDn: -41.04673571727295
  errUp: 41.04673571727295
  error: 41.04673571727295
  value: 448.9901924799004
numL:
  composition: 0
  errDn: -43.61439143665882
  errUp: 43.61439143665882
  error: 43.61439143665882
  value: 1706.8777743743726
