numB:
  composition: 0
  errDn: -24.523899843723427
  errUp: 24.523899843723427
  error: 24.523899843723427
  value: 323.6635425787024
numC:
  composition: 0
  errDn: -53.88561375583578
  errUp: 53.88561375583578
  error: 53.88561375583578
  value: 875.5222373102771
numL:
  composition: 0
  errDn: -49.77016309435169
  errUp: 49.77016309435169
  error: 49.77016309435169
  value: 1887.4188362719701
