numB:
  composition: 0
  errDn: -11.439274915209943
  errUp: 11.439274915209943
  error: 11.439274915209943
  value: 125.25464998947677
numC:
  composition: 0
  errDn: -47.211453137612466
  errUp: 47.211453137612466
  error: 47.211453137612466
  value: 682.787459643795
numL:
  composition: 0
  errDn: -57.64050389194017
  errUp: 57.64050389194017
  error: 57.64050389194017
  value: 4749.866676887521
