numB:
  composition: 0
  errDn: -19.269543905623266
  errUp: 19.269543905623266
  error: 19.269543905623266
  value: 477.98479861975153
numC:
  composition: 0
  errDn: -28.338094470517092
  errUp: 28.338094470517092
  error: 28.338094470517092
  value: 401.1451954108809
numL:
  composition: 0
  errDn: -23.86206206113252
  errUp: 23.86206206113252
  error: 23.86206206113252
  value: 312.55302606785335
