emptyFAKE: 0
nB:
  composition: 0.1
  value: 105.1370977046714
nC:
  composition: 0.2
  value: 210.2741954093428
nDATA:
  value: 1314.2137213083925
nFAKE:
  composition: 0.2
  value: 262.8427442616785
nL:
  composition: 0.7
  value: 735.9596839326997
nSIGN:
  value: 1051.370977046714
