numL:
  errDn: 16.43393743675972
  errUp: 16.706237777056344
  error: 16.706237777056344
  value: 328.60174560546875
