numB:
  errDn: 15.93552754096379
  errUp: 16.190781685653803
  error: 16.190781685653803
  value: 445.04644775390625
