numC:
  errDn: 17.78460835255504
  errUp: 18.053682876592404
  error: 18.053682876592404
  value: 394.1985778808594
