numB:
  errDn: 16.71857693534281
  errUp: 16.992932681228183
  error: 16.992932681228183
  value: 481.4282531738281
