numC:
  errDn: 18.149004128022113
  errUp: 18.441838506214765
  error: 18.441838506214765
  value: 419.22747802734375
