numB:
  composition: 0
  errDn: -17.342935431712135
  errUp: 17.342935431712135
  error: 17.342935431712135
  value: 313.1547801660687
numC:
  composition: 0
  errDn: -80.79053865346305
  errUp: 80.79053865346305
  error: 80.79053865346305
  value: 2058.703368183416
numL:
  composition: 0
  errDn: -101.72301304001303
  errUp: 101.72301304001303
  error: 101.72301304001303
  value: 14656.527587529441
