numFAKE:
  composition: 0
  errDn: -46.243923155380116
  errUp: 46.243923155380116
  error: 46.243923155380116
  value: 1093.424635310756
numSIGN:
  composition: 0
  errDn: -134.82019564598886
  errUp: 134.82019564598886
  error: 134.82019564598886
  value: 17106.602928634722
