numL:
  errDn: 75.86857486873669
  errUp: 76.13599078166772
  error: 76.13599078166772
  value: 12988.26171875
