numC:
  errDn: 58.17140034068257
  errUp: 58.56844017623894
  error: 58.56844017623894
  value: 1984.960693359375
