numSIGN:
  errDn: 131.43925868334554
  errUp: 132.21913224491072
  error: 132.21913224491072
  value: 16077.4912109375
