numFAKE:
  errDn: 126.47426244247345
  errUp: 15.616145758967377
  error: 126.47426244247345
  value: 1093.0
