numC:
  errDn: 19.410543920778764
  errUp: 0.0
  error: 19.410543920778764
  value: 4115.998046875
