numFAKE:
  errDn: 46.715508452028644
  errUp: 47.8172384597558
  error: 47.8172384597558
  value: 1156.943359375
