numSIGN:
  errDn: 132.38342078380083
  errUp: 133.22754259838985
  error: 133.22754259838985
  value: 17106.69921875
