numB:
  errDn: 96.06160205019086
  errUp: 3.4738809448081724
  error: 96.06160205019086
  value: 391.25
