numB:
  errDn: 13.434580908284232
  errUp: 13.764432223814083
  error: 13.764432223814083
  value: 209.9938507080078
