rB:
  errDn: -0.025592760758654853
  errUp: 0.025592760758654853
  error: 0.025592760758654853
  value: 0.5416485455264137
rC:
  errDn: -0.025431897375726376
  errUp: 0.025431897375726376
  error: 0.025431897375726376
  value: 1.0640409610184989
rL:
  errDn: -0.02097187161186867
  errUp: 0.02097187161186867
  error: 0.02097187161186867
  value: 0.29381441275604214
