numB:
  composition: 0
  errDn: -12.41571420080075
  errUp: 12.41571420080075
  error: 12.41571420080075
  value: 81.66823802765964
numC:
  composition: 0
  errDn: -31.037720954890233
  errUp: 31.037720954890233
  error: 31.037720954890233
  value: 207.47938481478656
numL:
  composition: 0
  errDn: -30.029185437694878
  errUp: 30.029185437694878
  error: 30.029185437694878
  value: 572.9396158532132
