emptyFAKE: 0
nB:
  composition: 0.1
  value: 1666.2669055853094
nC:
  composition: 0.2
  value: 3332.5338111706187
nDATA:
  value: 20828.336319816368
nFAKE:
  composition: 0.2
  value: 4165.667263963273
nL:
  composition: 0.7
  value: 11663.868339097166
nSIGN:
  value: 16662.669055853094
