numB:
  errDn: 208.55250549316406
  errUp: 1.1405922182706263
  error: 208.55250549316406
  value: 348.75
