numC:
  errDn: 0.8349504851287293
  errUp: 1384.3701171875
  error: 1384.3701171875
  value: 1389.0
