numB:
  errDn: 16.127027081038648
  errUp: 16.49391423354473
  error: 16.49391423354473
  value: 279.62445068359375
