numL:
  errDn: 82.27770778822378
  errUp: 82.56465445747745
  error: 82.56465445747745
  value: 17244.521484375
