numC:
  errDn: 59.29761564620662
  errUp: 59.70804462415981
  error: 59.70804462415981
  value: 1298.43408203125
