numB:
  composition: 0
  errDn: -23.013793290563928
  errUp: 23.013793290563928
  error: 23.013793290563928
  value: 61.33276670867421
numC:
  composition: 0
  errDn: -59.53694265408865
  errUp: 59.53694265408865
  error: 59.53694265408865
  value: 836.6139716430811
numL:
  composition: 0
  errDn: -62.70568530095852
  errUp: 62.70568530095852
  error: 62.70568530095852
  value: 6051.845213173079
