numB:
  composition: 0
  errDn: -3.702744358566085
  errUp: 3.702744358566085
  error: 3.702744358566085
  value: 9.168338737633144
numC:
  composition: 0
  errDn: -8.367364819349373
  errUp: 8.367364819349373
  error: 8.367364819349373
  value: 18.063399976328117
numL:
  composition: 0
  errDn: -8.825308548842717
  errUp: 8.825308548842717
  error: 8.825308548842717
  value: 68.04943859399778
