numB:
  composition: 0
  errDn: -28.92241343315692
  errUp: 28.92241343315692
  error: 28.92241343315692
  value: 803.6124276258968
numC:
  composition: 0
  errDn: -110.91009000698864
  errUp: 110.91009000698864
  error: 110.91009000698864
  value: 3889.088826477584
numL:
  composition: 0
  errDn: -132.24972187824278
  errUp: 132.24972187824278
  error: 132.24972187824278
  value: 26310.23012019018
