rB:
  errDn: -0.00783431700075633
  errUp: 0.00783431700075633
  error: 0.00783431700075633
  value: 4.208992637928788e-13
rC:
  errDn: -0.0037259410500584123
  errUp: 0.0037259410500584123
  error: 0.0037259410500584123
  value: 0.7449813438028279
rL:
  errDn: -0.0003489579289608053
  errUp: 0.0003489579289608053
  error: 0.0003489579289608053
  value: 1.8171555839913145e-12
