numB:
  composition: 0
  errDn: -12.754388552997327
  errUp: 12.754388552997327
  error: 12.754388552997327
  value: 194.94156648332137
numC:
  composition: 0
  errDn: -53.89356832239412
  errUp: 53.89356832239412
  error: 53.89356832239412
  value: 1321.5991661857859
numL:
  composition: 0
  errDn: -60.81314500572444
  errUp: 60.81314500572444
  error: 60.81314500572444
  value: 4770.098439121581
