numSIGN:
  errDn: 80.14925297390892
  errUp: 80.86591605786634
  error: 80.86591605786634
  value: 6270.82275390625
