numB:
  errDn: 10.224813517588359
  errUp: 17.559407605747424
  error: 17.559407605747424
  value: 242.5
