numL:
  errDn: 45.04423046385364
  errUp: 45.268362490121035
  error: 45.268362490121035
  value: 4445.57958984375
