numFAKE:
  errDn: 26.90830401297694
  errUp: 28.06461149940759
  error: 28.06461149940759
  value: 391.4205627441406
