numB:
  errDn: 10.856884778655882
  errUp: 11.00808744953892
  error: 11.00808744953892
  value: 161.8603515625
