numFAKE:
  errDn: 204.583004835601
  errUp: 3.6912310289474135
  error: 204.583004835601
  value: 461.25
