numC:
  errDn: 38.16584686241163
  errUp: 38.48390082555625
  error: 38.48390082555625
  value: 1277.7113037109375
