numC:
  errDn: 41.43277744356192
  errUp: 41.7782317842948
  error: 41.7782317842948
  value: 1741.250732421875
