numSIGN:
  errDn: 79.71912590271495
  errUp: 80.4278049674158
  error: 80.4278049674158
  value: 5918.37744140625
