rB:
  errDn: -0.03396916052648413
  errUp: 0.03396916052648413
  error: 0.03396916052648413
  value: 0.347249954592109
rC:
  errDn: -0.02987545333546654
  errUp: 0.02987545333546654
  error: 0.02987545333546654
  value: 0.8260828798642262
rL:
  errDn: -0.010600753851952638
  errUp: 0.010600753851952638
  error: 0.010600753851952638
  value: 0.6774520794107798
