nB:
  composition: 0.018917332247456384
  error: 25.089608118382728
  value: 459.6964927662877
nC:
  composition: 0.11521854341654555
  error: 128.93141883537237
  value: 2799.8430020357637
nFAKE:
  error: 51.56688870303492
  value: 1383.9749129766699
nL:
  composition: 0.865864124335998
  error: 138.27225769911456
  value: 21040.74168401471
