nFAKE:
  composition: 0.052808958331909676
  error: 49.800649473655085
  value: 1356.398299959192
nSIGN:
  composition: 0.9471910416680902
  error: 159.27407698118805
  value: 24328.605585822657
