emptyFAKE: 0
nB:
  composition: 0.1
  value: 2.79217884386037
nC:
  composition: 0.2
  value: 5.58435768772074
nDATA:
  value: 34.902235548254616
nFAKE:
  composition: 0.2
  value: 6.980447109650924
nL:
  composition: 0.7
  value: 19.545251907022585
nSIGN:
  value: 27.921788438603695
