numC:
  errDn: 2.7647441037027685
  errUp: 3.0309278068132652
  error: 3.0309278068132652
  value: 8.83641529083252
