numB:
  errDn: 2.4681829253522434
  errUp: 2.742576566898668
  error: 2.742576566898668
  value: 10.777410507202148
