numL:
  errDn: 2.7330260781396305
  errUp: 3.024634492430696
  error: 3.024634492430696
  value: 13.828104972839355
