numB:
  errDn: 2.3688744820079073
  errUp: 2.642783115133126
  error: 2.642783115133126
  value: 9.968866348266602
