numC:
  errDn: 2.726740030218741
  errUp: 2.99796261111209
  error: 2.99796261111209
  value: 8.983509063720703
