numB:
  composition: 0
  errDn: -14.794619890227935
  errUp: 14.794619890227935
  error: 14.794619890227935
  value: 123.95815684469473
numC:
  composition: 0
  errDn: -58.39019221814323
  errUp: 58.39019221814323
  error: 58.39019221814323
  value: 670.1123058726913
numL:
  composition: 0
  errDn: -68.64084218757444
  errUp: 68.64084218757444
  error: 68.64084218757444
  value: 4764.417649005916
