numB:
  composition: 0
  errDn: -42.57953641551126
  errUp: 42.57953641551126
  error: 42.57953641551126
  value: 2701.557447451664
numC:
  composition: 0
  errDn: -53.66670654191694
  errUp: 53.66670654191694
  error: 53.66670654191694
  value: 1764.2440933515954
numL:
  composition: 0
  errDn: -42.933233863119824
  errUp: 42.933233863119824
  error: 42.933233863119824
  value: 775.403693510677
