numB:
  composition: 0
  errDn: -3.906392745911287
  errUp: 3.906392745911287
  error: 3.906392745911287
  value: 17.375348931500472
numC:
  composition: 0
  errDn: -9.285415952499555
  errUp: 9.285415952499555
  error: 9.285415952499555
  value: 43.40604135469933
numL:
  composition: 0
  errDn: -9.217738707222296
  errUp: 9.217738707222296
  error: 9.217738707222296
  value: 99.4620023124267
