emptyFAKE: 0
nB:
  composition: 0.1
  value: 304.32770083148245
nC:
  composition: 0.2
  value: 608.6554016629649
nDATA:
  value: 3804.09626039353
nFAKE:
  composition: 0.2
  value: 760.8192520787061
nL:
  composition: 0.7
  value: 2130.293905820377
nSIGN:
  value: 3043.2770083148243
