numB:
  errDn: 18.614718927959984
  errUp: 18.928990218920205
  error: 18.928990218920205
  value: 456.0545654296875
