numL:
  errDn: 32.20084923425566
  errUp: 32.416694616030554
  error: 32.416694616030554
  value: 1880.78564453125
