numB:
  errDn: 19.7187421675236
  errUp: 20.346523654565658
  error: 20.346523654565658
  value: 573.3676147460938
