numC:
  errDn: 31.56035612898529
  errUp: 31.797636118709306
  error: 31.797636118709306
  value: 1026.4259033203125
