numC:
  errDn: 30.95274883951288
  errUp: 31.238109868745596
  error: 31.238109868745596
  value: 1076.222900390625
