numB:
  composition: 0
  errDn: -77.58996269836825
  errUp: 77.58996269836825
  error: 77.58996269836825
  value: 3088.6033303326044
numC:
  composition: 0
  errDn: -247.2187807490609
  errUp: 247.2187807490609
  error: 247.2187807490609
  value: 17534.276908085805
numL:
  composition: 0
  errDn: -299.35061970444076
  errUp: 299.35061970444076
  error: 299.35061970444076
  value: 96947.75516358508
