numB:
  composition: 0
  errDn: -1.223652322090758
  errUp: 1.223652322090758
  error: 1.223652322090758
  value: 1.4836644300356299
numC:
  composition: 0
  errDn: -2.7069471719684417
  errUp: 2.7069471719684417
  error: 2.7069471719684417
  value: 2.303541884599737
numL:
  composition: 0
  errDn: -3.848728899397707
  errUp: 3.848728899397707
  error: 3.848728899397707
  value: 18.918410853825854
