numB:
  composition: 0
  errDn: -34.334509806957044
  errUp: 34.334509806957044
  error: 34.334509806957044
  value: 667.0980071725512
numC:
  composition: 0
  errDn: -73.50916198847028
  errUp: 73.50916198847028
  error: 73.50916198847028
  value: 1951.8785523097638
numL:
  composition: 0
  errDn: -65.71924506718119
  errUp: 65.71924506718119
  error: 65.71924506718119
  value: 2549.1017645928587
