numB:
  composition: 0
  errDn: -5.955005530906423
  errUp: 5.955005530906423
  error: 5.955005530906423
  value: 55.62990123994828
numC:
  composition: 0
  errDn: -5.739458470540607
  errUp: 5.739458470540607
  error: 5.739458470540607
  value: 10.237366902158271
numL:
  composition: 0
  errDn: -5.659042516294198
  errUp: 5.659042516294198
  error: 5.659042516294198
  value: 9.251498066822252
