numB:
  composition: 0
  errDn: -56.130142491228014
  errUp: 56.130142491228014
  error: 56.130142491228014
  value: 326.5773684916146
numC:
  composition: 0
  errDn: -138.43774487214182
  errUp: 138.43774487214182
  error: 138.43774487214182
  value: 3827.0453376604473
numL:
  composition: 0
  errDn: -134.48995271002423
  errUp: 134.48995271002423
  error: 134.48995271002423
  value: 24272.010265188557
