numB:
  composition: 0
  errDn: -20.209995184355463
  errUp: 20.209995184355463
  error: 20.209995184355463
  value: 248.6173332606137
numC:
  composition: 0
  errDn: -73.88078764119064
  errUp: 73.88078764119064
  error: 73.88078764119064
  value: 1391.4547316750043
numL:
  composition: 0
  errDn: -105.37467612478667
  errUp: 105.37467612478667
  error: 105.37467612478667
  value: 14940.17200328089
