numB:
  composition: 0
  errDn: -25.753829395813142
  errUp: 25.753829395813142
  error: 25.753829395813142
  value: 392.6392180123048
numC:
  composition: 0
  errDn: -44.847817138929145
  errUp: 44.847817138929145
  error: 44.847817138929145
  value: 923.4310636695976
numL:
  composition: 0
  errDn: -40.65883578707519
  errUp: 40.65883578707519
  error: 40.65883578707519
  value: 1429.5682180962212
