numB:
  composition: 0
  errDn: -9.17134736721609
  errUp: 9.17134736721609
  error: 9.17134736721609
  value: 71.06976380819319
numC:
  composition: 0
  errDn: -6.790142536129752
  errUp: 6.790142536129752
  error: 6.790142536129752
  value: 10.201919191475087
numL:
  composition: 0
  errDn: -5.069395674767245
  errUp: 5.069395674767245
  error: 5.069395674767245
  value: 11.14589089585263
