numB:
  composition: 0
  errDn: -7.984612445410306
  errUp: 7.984612445410306
  error: 7.984612445410306
  value: 55.31735429935458
numC:
  composition: 0
  errDn: -6.53300736872376
  errUp: 6.53300736872376
  error: 6.53300736872376
  value: 10.749275005103632
numL:
  composition: 0
  errDn: -6.080646719523685
  errUp: 6.080646719523685
  error: 6.080646719523685
  value: 9.016563659730515
