numB:
  composition: 0
  errDn: -29.289838385527503
  errUp: 29.289838385527503
  error: 29.289838385527503
  value: 370.2793682649842
numC:
  composition: 0
  errDn: -110.9173899660342
  errUp: 110.9173899660342
  error: 110.9173899660342
  value: 1756.5920656779833
numL:
  composition: 0
  errDn: -125.49551698883079
  errUp: 125.49551698883079
  error: 125.49551698883079
  value: 14709.677355141868
