numB:
  composition: 0
  errDn: -13.40113442149041
  errUp: 13.40113442149041
  error: 13.40113442149041
  value: 34.81299216647846
numC:
  composition: 0
  errDn: -28.09836372769874
  errUp: 28.09836372769874
  error: 28.09836372769874
  value: 337.79066059163534
numL:
  composition: 0
  errDn: -21.825413955355117
  errUp: 21.825413955355117
  error: 21.825413955355117
  value: 239.03612710834696
