numB:
  composition: 0
  errDn: -30.31740414049068
  errUp: 30.31740414049068
  error: 30.31740414049068
  value: 1435.5670057887737
numC:
  composition: 0
  errDn: -25.012526501050857
  errUp: 25.012526501050857
  error: 25.012526501050857
  value: 245.6013009801951
numL:
  composition: 0
  errDn: -24.378026713059157
  errUp: 24.378026713059157
  error: 24.378026713059157
  value: 140.92551535969008
