numB:
  composition: 0
  errDn: -16.380751194743755
  errUp: 16.380751194743755
  error: 16.380751194743755
  value: 25.433310095553384
numC:
  composition: 0
  errDn: -37.000700723555155
  errUp: 37.000700723555155
  error: 37.000700723555155
  value: 606.4586582240721
numL:
  composition: 0
  errDn: -30.872944949493444
  errUp: 30.872944949493444
  error: 30.872944949493444
  value: 525.4563756427809
