nFAKE:
  composition: 4.196821386188284e-08
  error: 1.4373979431769925
  value: 1.426454299902069e-06
nSIGN:
  composition: 0.9999999580317862
  error: 24.969188116939783
  value: 33.98891944105087
