numB:
  composition: 0
  errDn: -29.447483671923987
  errUp: 29.447483671923987
  error: 29.447483671923987
  value: 65.57871316309176
numC:
  composition: 0
  errDn: -46.79008370146937
  errUp: 46.79008370146937
  error: 46.79008370146937
  value: 1026.365854145531
numL:
  composition: 0
  errDn: -35.1543716639884
  errUp: 35.1543716639884
  error: 35.1543716639884
  value: 660.884765733839
