numB:
  composition: 0
  errDn: -5.235256510058459
  errUp: 5.235256510058459
  error: 5.235256510058459
  value: 25.246841989676476
numC:
  composition: 0
  errDn: -23.923546645641196
  errUp: 23.923546645641196
  error: 23.923546645641196
  value: 112.31108511189173
numL:
  composition: 0
  errDn: -28.31565924304482
  errUp: 28.31565924304482
  error: 28.31565924304482
  value: 1036.2215148498508
