numB:
  composition: 0
  errDn: -0.7357467164170849
  errUp: 0.7357467164170849
  error: 0.7357467164170849
  value: 0.5543377835497516
numC:
  composition: 0
  errDn: -0.6836605544302586
  errUp: 0.6836605544302586
  error: 0.6836605544302586
  value: 0.19416890477925391
numL:
  composition: 0
  errDn: -1.4980127217829358
  errUp: 1.4980127217829358
  error: 1.4980127217829358
  value: 4.257217071088138
