rB:
  errDn: -0.016827356672814313
  errUp: 0.016827356672814313
  error: 0.016827356672814313
  value: 0.009196708438563924
rC:
  errDn: -0.01568869879498411
  errUp: 0.01568869879498411
  error: 0.01568869879498411
  value: 0.05454046256884104
rL:
  errDn: -0.015925801498015313
  errUp: 0.015925801498015313
  error: 0.015925801498015313
  value: 0.5699356973214037
