numB:
  composition: 0
  errDn: -120.06874925464265
  errUp: 120.06874925464265
  error: 120.06874925464265
  value: 310.34877214629313
numC:
  composition: 0
  errDn: -270.3814326278989
  errUp: 270.3814326278989
  error: 270.3814326278989
  value: 17731.804626049918
numL:
  composition: 0
  errDn: -277.1638892238625
  errUp: 277.1638892238625
  error: 277.1638892238625
  value: 79785.65343306029
