rB:
  errDn: -0.00859958449963149
  errUp: 0.00859958449963149
  error: 0.00859958449963149
  value: 3.93584307940148e-13
rC:
  errDn: -0.003707622903261376
  errUp: 0.003707622903261376
  error: 0.003707622903261376
  value: 0.7415995178059921
rL:
  errDn: -0.000674956948279367
  errUp: 0.000674956948279367
  error: 0.000674956948279367
  value: 2.4215846694411805e-10
