numB:
  composition: 0
  errDn: -16.716436619005908
  errUp: 16.716436619005908
  error: 16.716436619005908
  value: 64.98118846934027
numC:
  composition: 0
  errDn: -53.76351897230475
  errUp: 53.76351897230475
  error: 53.76351897230475
  value: 564.0686661334884
numL:
  composition: 0
  errDn: -66.91280068382775
  errUp: 66.91280068382775
  error: 66.91280068382775
  value: 7035.519696445881
