numB:
  composition: 0
  errDn: -45.581802596541365
  errUp: 45.581802596541365
  error: 45.581802596541365
  value: 3089.0125373641026
numC:
  composition: 0
  errDn: -56.60906586054466
  errUp: 56.60906586054466
  error: 56.60906586054466
  value: 2417.054015861095
numL:
  composition: 0
  errDn: -43.45018379766708
  errUp: 43.45018379766708
  error: 43.45018379766708
  value: 550.1090193593143
