numB:
  composition: 0
  errDn: -15.792583030902676
  errUp: 15.792583030902676
  error: 15.792583030902676
  value: 395.233562490567
numC:
  composition: 0
  errDn: -12.495002377597558
  errUp: 12.495002377597558
  error: 12.495002377597558
  value: 57.14456514756623
numL:
  composition: 0
  errDn: -11.7280153008052
  errUp: 11.7280153008052
  error: 11.7280153008052
  value: 32.184915408373676
