numB:
  composition: 0
  errDn: -4.833806205852596
  errUp: 4.833806205852596
  error: 4.833806205852596
  value: 23.921268856460436
numC:
  composition: 0
  errDn: -13.75407050666897
  errUp: 13.75407050666897
  error: 13.75407050666897
  value: 50.18367738881509
numL:
  composition: 0
  errDn: -14.151163121379113
  errUp: 14.151163121379113
  error: 14.151163121379113
  value: 209.6514812155591
