numB:
  composition: 0
  errDn: -7.605704994789818
  errUp: 7.605704994789818
  error: 7.605704994789818
  value: 22.235302394282197
numC:
  composition: 0
  errDn: -31.691280132522294
  errUp: 31.691280132522294
  error: 31.691280132522294
  value: 115.12556373590108
numL:
  composition: 0
  errDn: -38.08950653139675
  errUp: 38.08950653139675
  error: 38.08950653139675
  value: 1310.853156044418
