numB:
  composition: 0
  errDn: -31.074494569936263
  errUp: 31.074494569936263
  error: 31.074494569936263
  value: 517.6786848136986
numC:
  composition: 0
  errDn: -111.12543649795475
  errUp: 111.12543649795475
  error: 111.12543649795475
  value: 2702.30288144418
numL:
  composition: 0
  errDn: -146.59357169258692
  errUp: 146.59357169258692
  error: 146.59357169258692
  value: 27427.818396588216
