numB:
  composition: 0
  errDn: -13.43568384359504
  errUp: 13.43568384359504
  error: 13.43568384359504
  value: 23.64227019989469
numC:
  composition: 0
  errDn: -27.4920616522639
  errUp: 27.4920616522639
  error: 27.4920616522639
  value: 167.8957965732223
numL:
  composition: 0
  errDn: -25.19000641304268
  errUp: 25.19000641304268
  error: 25.19000641304268
  value: 882.6803846450497
