numB:
  composition: 0
  errDn: -14.794002760152935
  errUp: 14.794002760152935
  error: 14.794002760152935
  value: 163.5503624999773
numC:
  composition: 0
  errDn: -17.868888879939135
  errUp: 17.868888879939135
  error: 17.868888879939135
  value: 122.61835814777625
numL:
  composition: 0
  errDn: -15.94004236320822
  errUp: 15.94004236320822
  error: 15.94004236320822
  value: 209.57909638956008
