numB:
  composition: 0
  errDn: -8.89762787426065
  errUp: 8.89762787426065
  error: 8.89762787426065
  value: 11.691626923840118
numC:
  composition: 0
  errDn: -25.17630446662485
  errUp: 25.17630446662485
  error: 25.17630446662485
  value: 114.13550288866529
numL:
  composition: 0
  errDn: -29.15263948591405
  errUp: 29.15263948591405
  error: 29.15263948591405
  value: 1242.629346695101
