numC:
  errDn: 38.28931866142739
  errUp: 0.0
  error: 38.28931866142739
  value: 5429.99755859375
