numL:
  errDn: 103.20200692384242
  errUp: 103.67851164107196
  error: 103.67851164107196
  value: 25433.4921875
