numC:
  errDn: 68.37859207160272
  errUp: 68.83551465309483
  error: 68.83551465309483
  value: 2716.039306640625
