numB:
  errDn: 275.71048411464227
  errUp: 1.5617642269559155
  error: 275.71048411464227
  value: 514.0
