numB:
  errDn: 17.496785630547265
  errUp: 17.851384236350953
  error: 17.851384236350953
  value: 299.41259765625
