numB:
  composition: 0
  errDn: -80.9053941238733
  errUp: 80.9053941238733
  error: 80.9053941238733
  value: 3531.100743028333
numC:
  composition: 0
  errDn: -283.74921674150755
  errUp: 283.74921674150755
  error: 283.74921674150755
  value: 21194.262099290903
numL:
  composition: 0
  errDn: -338.5472353863588
  errUp: 338.5472353863588
  error: 338.5472353863588
  value: 104865.1669475042
