numB:
  composition: 0
  errDn: -2.3192016077321935
  errUp: 2.3192016077321935
  error: 2.3192016077321935
  value: 8.14204366230797
numC:
  composition: 0
  errDn: -2.8283918736137847
  errUp: 2.8283918736137847
  error: 2.8283918736137847
  value: 5.564378474592187
numL:
  composition: 0
  errDn: -2.680178899606382
  errUp: 2.680178899606382
  error: 2.680178899606382
  value: 8.839969673568406
