rB:
  errDn: -0.04868682025640664
  errUp: 0.04868682025640664
  error: 0.04868682025640664
  value: 0.19181052886036712
rC:
  errDn: -0.004222843368736257
  errUp: 0.004222843368736257
  error: 0.004222843368736257
  value: 0.034424727835261563
rL:
  errDn: -0.00023205023028434357
  errUp: 0.00023205023028434357
  error: 0.00023205023028434357
  value: 6.065212568295841e-12
