nFAKE:
  composition: 0.02851496319530543
  error: 3.0325812126592737
  value: 4.077565475017451
nSIGN:
  composition: 0.9714850368046946
  error: 11.499411160760957
  value: 138.91983021121519
