nFAKE:
  composition: 0.02228656217642029
  error: 3.2342093212491303
  value: 5.103665313200113
nSIGN:
  composition: 0.9777134378235797
  error: 14.641501070245852
  value: 223.89824502180488
