emptyFAKE: 0
nB:
  composition: 0.1
  value: 62.32000000000001
nC:
  composition: 0.2
  value: 124.64000000000001
nDATA:
  value: 779.0
nFAKE:
  composition: 0.2
  value: 155.8
nL:
  composition: 0.7
  value: 436.24
nSIGN:
  value: 623.2
