numFAKE:
  composition: 0
  errDn: -7.451422015188809
  errUp: 7.451422015188809
  error: 7.451422015188809
  value: 33.807716589454394
numSIGN:
  composition: 0
  errDn: -27.530611031315118
  errUp: 27.530611031315118
  error: 27.530611031315118
  value: 745.1925653849412
