numB:
  composition: 0
  errDn: -19.71583153329098
  errUp: 19.71583153329098
  error: 19.71583153329098
  value: 303.3878730017669
numC:
  composition: 0
  errDn: -23.446598361457887
  errUp: 23.446598361457887
  error: 23.446598361457887
  value: 176.51981845580156
numL:
  composition: 0
  errDn: -19.41164877750839
  errUp: 19.41164877750839
  error: 19.41164877750839
  value: 264.9600558464328
