numB:
  composition: 0
  errDn: -42.49775111601889
  errUp: 42.49775111601889
  error: 42.49775111601889
  value: 1428.4346936847937
numC:
  composition: 0
  errDn: -44.42557095952412
  errUp: 44.42557095952412
  error: 44.42557095952412
  value: 656.8437101007071
numL:
  composition: 0
  errDn: -30.6936212045419
  errUp: 30.6936212045419
  error: 30.6936212045419
  value: 536.916856429016
