numFAKE:
  composition: 0
  errDn: -24.430024343756287
  errUp: 24.430024343756287
  error: 24.430024343756287
  value: 291.22275590874045
numSIGN:
  composition: 0
  errDn: -54.15215021723702
  errUp: 54.15215021723702
  error: 54.15215021723702
  value: 2629.769515822315
