emptyFAKE: 0
nB:
  composition: 0.1
  value: 233.68000000000004
nC:
  composition: 0.2
  value: 467.36000000000007
nDATA:
  value: 2921.0
nFAKE:
  composition: 0.2
  value: 584.2
nL:
  composition: 0.7
  value: 1635.76
nSIGN:
  value: 2336.8
