numB:
  composition: 0
  errDn: -28.613994246468337
  errUp: 28.613994246468337
  error: 28.613994246468337
  value: 438.44284453246655
numC:
  composition: 0
  errDn: -58.592288979611226
  errUp: 58.592288979611226
  error: 58.592288979611226
  value: 1171.2339213355908
numL:
  composition: 0
  errDn: -53.045375848768344
  errUp: 53.045375848768344
  error: 53.045375848768344
  value: 1846.5167393809402
