numB:
  composition: 0
  errDn: -1.9659221364135324
  errUp: 1.9659221364135324
  error: 1.9659221364135324
  value: 7.195281253130811
numC:
  composition: 0
  errDn: -1.5812625127868216
  errUp: 1.5812625127868216
  error: 1.5812625127868216
  value: 1.5539511309765044
numL:
  composition: 0
  errDn: -0.9618387426937303
  errUp: 0.9618387426937303
  error: 0.9618387426937303
  value: 0.4898844783317034
