numB:
  composition: 0
  errDn: -29.89369550891223
  errUp: 29.89369550891223
  error: 29.89369550891223
  value: 26.011008423807223
numC:
  composition: 0
  errDn: -69.00513760417005
  errUp: 69.00513760417005
  error: 69.00513760417005
  value: 856.6962264678476
numL:
  composition: 0
  errDn: -93.62702653572887
  errUp: 93.62702653572887
  error: 93.62702653572887
  value: 10272.463702752519
