numB:
  composition: 0
  errDn: -58.960076985466856
  errUp: 58.960076985466856
  error: 58.960076985466856
  value: 632.2801829821553
numC:
  composition: 0
  errDn: -129.95193677781754
  errUp: 129.95193677781754
  error: 129.95193677781754
  value: 10243.025319030829
numL:
  composition: 0
  errDn: -94.42417893802894
  errUp: 94.42417893802894
  error: 94.42417893802894
  value: 2760.306163217706
