numB:
  composition: 0
  errDn: -8.058144349308165
  errUp: 8.058144349308165
  error: 8.058144349308165
  value: 28.55477992502402
numC:
  composition: 0
  errDn: -20.62534419835606
  errUp: 20.62534419835606
  error: 20.62534419835606
  value: 299.190475985492
numL:
  composition: 0
  errDn: -19.93689161662988
  errUp: 19.93689161662988
  error: 19.93689161662988
  value: 358.2185544863011
