numB:
  composition: 0
  errDn: -59.832153524738885
  errUp: 59.832153524738885
  error: 59.832153524738885
  value: 90.84031189237932
numC:
  composition: 0
  errDn: -96.50047160470433
  errUp: 96.50047160470433
  error: 96.50047160470433
  value: 1223.8656431921736
numL:
  composition: 0
  errDn: -78.61082712597954
  errUp: 78.61082712597954
  error: 78.61082712597954
  value: 4752.874860983148
