numB:
  composition: 0
  errDn: -23.06615780309849
  errUp: 23.06615780309849
  error: 23.06615780309849
  value: 466.7413478775634
numC:
  composition: 0
  errDn: -107.80379913530282
  errUp: 107.80379913530282
  error: 107.80379913530282
  value: 2682.3533366119914
numL:
  composition: 0
  errDn: -127.70994273126234
  errUp: 127.70994273126234
  error: 127.70994273126234
  value: 18248.50225222091
