emptyFAKE: 0
nB:
  composition: 0.1
  value: 1815.4400000000003
nC:
  composition: 0.2
  value: 3630.8800000000006
nDATA:
  value: 22693.0
nFAKE:
  composition: 0.2
  value: 4538.6
nL:
  composition: 0.7
  value: 12708.08
nSIGN:
  value: 18154.4
