numC:
  errDn: 47.94919500684955
  errUp: 0.0
  error: 47.94919500684955
  value: 5364.0
