numC:
  errDn: 66.91913719586137
  errUp: 68.30094913426592
  error: 68.30094913426592
  value: 2548.11328125
