numB:
  errDn: 15.965771726892115
  errUp: 16.36682191432095
  error: 16.36682191432095
  value: 270.56439208984375
