numB:
  errDn: 139.79783805154904
  errUp: 3.7988084501403137
  error: 139.79783805154904
  value: 582.5
