numFAKE:
  errDn: 110.01989112896877
  errUp: 18.529306862977364
  error: 110.01989112896877
  value: 1234.0
