numFAKE:
  errDn: 46.79763595687632
  errUp: 47.97855925332465
  error: 47.97855925332465
  value: 1285.8543701171875
