numL:
  errDn: 84.61159490861246
  errUp: 84.897203408098
  error: 84.897203408098
  value: 16062.6005859375
