numSIGN:
  errDn: 146.99586593183267
  errUp: 147.77186494147463
  error: 147.77186494147463
  value: 20283.3671875
