numSIGN:
  errDn: 147.86202771425087
  errUp: 148.67878071210362
  error: 148.67878071210362
  value: 21458.8046875
