numB:
  composition: 0
  errDn: -46.72992082027781
  errUp: 46.72992082027781
  error: 46.72992082027781
  value: 1685.7998543086878
numC:
  composition: 0
  errDn: -51.394608836076486
  errUp: 51.394608836076486
  error: 51.394608836076486
  value: 1161.76890749653
numL:
  composition: 0
  errDn: -37.63484621414074
  errUp: 37.63484621414074
  error: 37.63484621414074
  value: 598.2025331410562
