rB:
  errDn: -0.013390566525235903
  errUp: 0.013390566525235903
  error: 0.013390566525235903
  value: 0.5421659447347492
rC:
  errDn: -0.008336537468949617
  errUp: 0.008336537468949617
  error: 0.008336537468949617
  value: 0.012388007078488595
rL:
  errDn: -0.0010327522588595755
  errUp: 0.0010327522588595755
  error: 0.0010327522588595755
  value: 1.7250881712699284e-12
