numB:
  errDn: 4.458281317984101
  errUp: 4.872810652980274
  error: 4.872810652980274
  value: 19.524715423583984
