numB:
  errDn: 16.44499969482422
  errUp: 1.6483269273465382
  error: 16.44499969482422
  value: 27.5
