numC:
  errDn: 16.640855867161036
  errUp: 17.06281308520103
  error: 17.06281308520103
  value: 107.87013244628906
