numL:
  errDn: 22.679133701336468
  errUp: 22.88957220412817
  error: 22.88957220412817
  value: 1286.4239501953125
