numC:
  errDn: 1.0123507759491588
  errUp: 84.46749877929688
  error: 84.46749877929688
  value: 141.25
