numB:
  composition: 0
  errDn: -1.5917532852602396
  errUp: 1.5917532852602396
  error: 1.5917532852602396
  value: 3.149698454309632
numC:
  composition: 0
  errDn: -1.8369376567400126
  errUp: 1.8369376567400126
  error: 1.8369376567400126
  value: 3.755692941500681
numL:
  composition: 0
  errDn: -2.0681018765912684
  errUp: 2.0681018765912684
  error: 2.0681018765912684
  value: 5.4260867088976035
