numL:
  errDn: 1.6311205387929912
  errUp: 1.9100826764887566
  error: 1.9100826764887566
  value: 5.364770412445068
