numB:
  errDn: 1.2954178453480674
  errUp: 1.5459389622830413
  error: 1.5459389622830413
  value: 3.1002981662750244
