numC:
  errDn: 1.48853517163124
  errUp: 1.7660100330905468
  error: 1.7660100330905468
  value: 4.007845878601074
