numB:
  errDn: 1.3086594952785036
  errUp: 1.5850213707597778
  error: 1.5850213707597778
  value: 3.20879864692688
