numC:
  errDn: 1.4536111286565747
  errUp: 1.7355069646342667
  error: 1.7355069646342667
  value: 4.001347064971924
