numB:
  composition: 0
  errDn: -15.34760944454706
  errUp: 15.34760944454706
  error: 15.34760944454706
  value: 270.50665075177506
numC:
  composition: 0
  errDn: -26.037436439706738
  errUp: 26.037436439706738
  error: 26.037436439706738
  value: 257.7618536653729
numL:
  composition: 0
  errDn: -21.09652110468187
  errUp: 21.09652110468187
  error: 21.09652110468187
  value: 225.14440172964555
