nFAKE:
  composition: 0.06876678960841956
  error: 173.38448731999506
  value: 14755.220349832003
nSIGN:
  composition: 0.9312332103915805
  error: 472.5696537183976
  value: 199813.76613118625
