nFAKE:
  composition: 0.07600193668665385
  error: 73.0600936571584
  value: 2662.575811982158
nSIGN:
  composition: 0.9239980633133461
  error: 186.77358042411834
  value: 32370.42371485376
