numB:
  composition: 0
  errDn: -3.7339405562431196
  errUp: 3.7339405562431196
  error: 3.7339405562431196
  value: 5.5540007725931675
numC:
  composition: 0
  errDn: -7.360235905963645
  errUp: 7.360235905963645
  error: 7.360235905963645
  value: 31.108817061928917
numL:
  composition: 0
  errDn: -6.299821180365031
  errUp: 6.299821180365031
  error: 6.299821180365031
  value: 34.66900967101672
