nFAKE:
  composition: 0.06836975555281283
  error: 172.00425631516373
  value: 14670.029271141108
nSIGN:
  composition: 0.9316302444471872
  error: 453.531054639956
  value: 199898.95890973829
