numB:
  composition: 0
  errDn: -20.624007948514645
  errUp: 20.624007948514645
  error: 20.624007948514645
  value: 29.732039466187572
numC:
  composition: 0
  errDn: -42.84946809707421
  errUp: 42.84946809707421
  error: 42.84946809707421
  value: 348.0250872377055
numL:
  composition: 0
  errDn: -36.27159238577053
  errUp: 36.27159238577053
  error: 36.27159238577053
  value: 1560.4844701661493
