rB:
  errDn: -0.000573568996297697
  errUp: 0.000573568996297697
  error: 0.000573568996297697
  value: 6.993744776015443e-13
rC:
  errDn: -0.0006152198981616454
  errUp: 0.0006152198981616454
  error: 0.0006152198981616454
  value: 1.6247691126541897e-14
rL:
  errDn: -0.0032621212791336673
  errUp: 0.0032621212791336673
  error: 0.0032621212791336673
  value: 0.664357894991965
