nB:
  composition: 0.049012276891328914
  error: 5.563941617013647
  value: 28.86948617799191
nC:
  composition: 0.17775544553463152
  error: 21.18649006396935
  value: 104.7025093182872
nFAKE:
  error: 7.856644822049658
  value: 12.975085468745315
nL:
  composition: 0.7732322775740396
  error: 21.32799643874165
  value: 455.45361214896377
