nB:
  composition: 9.326860301663742e-17
  error: 0.39049856065739563
  value: 2.9845917404180966e-15
nC:
  composition: 0.2471401725210592
  error: 3.9099157226481474
  value: 7.908476097795525
nL:
  composition: 0.7528598274789408
  error: 4.510017863170603
  value: 24.09148577453679
