nFAKE:
  composition: 0.025488617534933544
  error: 9.35645006990141
  value: 15.344143986198736
nSIGN:
  composition: 0.9745113824650664
  error: 25.363286583586046
  value: 586.6557081112619
