nFAKE:
  composition: 0.0909546651793815
  error: 90.45507126604889
  value: 4856.707185363417
nSIGN:
  composition: 0.9090453348206184
  error: 227.7174278614766
  value: 48540.303026097215
