numB:
  composition: 0
  errDn: -52.675590231010034
  errUp: 52.675590231010034
  error: 52.675590231010034
  value: 51.9708528773652
numC:
  composition: 0
  errDn: -93.24048576867176
  errUp: 93.24048576867176
  error: 93.24048576867176
  value: 1807.0800532551534
numL:
  composition: 0
  errDn: -74.90754925871079
  errUp: 74.90754925871079
  error: 74.90754925871079
  value: 4476.816517903382
