rB:
  errDn: -0.012247295133652365
  errUp: 0.012247295133652365
  error: 0.012247295133652365
  value: 3.284248957860503e-14
rC:
  errDn: -0.0038240143766473667
  errUp: 0.0038240143766473667
  error: 0.0038240143766473667
  value: 0.7529304684770985
rL:
  errDn: -0.00236496921374905
  errUp: 0.00236496921374905
  error: 0.00236496921374905
  value: 3.4444687253267978e-09
