nFAKE:
  composition: 0.09101350812261241
  error: 110.22857376995398
  value: 5910.872231972455
nSIGN:
  composition: 0.9089864918773876
  error: 255.2981589246956
  value: 59034.12718514035
