nFAKE:
  composition: 0.08929552148736382
  error: 64.22088098544805
  value: 2026.472496948866
nSIGN:
  composition: 0.9107044785126361
  error: 151.02730760907252
  value: 20667.52674505826
