numB:
  composition: 0
  errDn: -2.4779341094744938
  errUp: 2.4779341094744938
  error: 2.4779341094744938
  value: 2.1241338492254687
numC:
  composition: 0
  errDn: -6.606705992252477
  errUp: 6.606705992252477
  error: 6.606705992252477
  value: 10.657236514476054
numL:
  composition: 0
  errDn: -9.712961570262067
  errUp: 9.712961570262067
  error: 9.712961570262067
  value: 121.30589836946032
