numB:
  composition: 0
  errDn: -7.90345716694026
  errUp: 7.90345716694026
  error: 7.90345716694026
  value: 1.2617609658904196
numC:
  composition: 0
  errDn: -15.016721186695369
  errUp: 15.016721186695369
  error: 15.016721186695369
  value: 32.865829920552294
numL:
  composition: 0
  errDn: -14.130059579252759
  errUp: 14.130059579252759
  error: 14.130059579252759
  value: 239.96629025903633
