numB:
  composition: 0
  errDn: -22.079877369035515
  errUp: 22.079877369035515
  error: 22.079877369035515
  value: 259.04288740740276
numC:
  composition: 0
  errDn: -45.761299069451184
  errUp: 45.761299069451184
  error: 45.761299069451184
  value: 518.3060161509952
numL:
  composition: 0
  errDn: -48.307294110906014
  errUp: 48.307294110906014
  error: 48.307294110906014
  value: 2027.1723324983948
