numB:
  composition: 0
  errDn: -56.82060699449676
  errUp: 56.82060699449676
  error: 56.82060699449676
  value: 3652.2863211486374
numC:
  composition: 0
  errDn: -203.64955105764238
  errUp: 203.64955105764238
  error: 203.64955105764238
  value: 20287.24145452647
numL:
  composition: 0
  errDn: -251.5307262993956
  errUp: 251.5307262993956
  error: 251.5307262993956
  value: 105588.42660405027
