numB:
  composition: 0
  errDn: -21.429993211184836
  errUp: 21.429993211184836
  error: 21.429993211184836
  value: 355.93084349852643
numC:
  composition: 0
  errDn: -23.013065808227907
  errUp: 23.013065808227907
  error: 23.013065808227907
  value: 253.39205401194758
numL:
  composition: 0
  errDn: -16.795320985131724
  errUp: 16.795320985131724
  error: 16.795320985131724
  value: 167.5809952259207
