nB:
  composition: 0.03361024904670769
  error: 73.60013318390929
  value: 6041.148247422395
nC:
  composition: 0.19050088027719314
  error: 301.66544769997927
  value: 34240.86674929654
nFAKE:
  error: 147.57070501303951
  value: 13226.750859967453
nL:
  composition: 0.7758888706760991
  error: 336.02824348490685
  value: 139459.23711441827
