nB:
  composition: 0.04820157094384512
  error: 51.48276861311456
  value: 3347.2612077064405
nC:
  composition: 0.16486682059665958
  error: 184.94575761701708
  value: 11448.844969472144
nL:
  composition: 0.7869316084594952
  error: 203.19266417045947
  value: 54646.88379520226
