rB:
  errDn: -0.026975517064347074
  errUp: 0.026975517064347074
  error: 0.026975517064347074
  value: 2.5424963241531262e-12
rC:
  errDn: -0.044508806935250056
  errUp: 0.044508806935250056
  error: 0.044508806935250056
  value: 0.9085906526924005
rL:
  errDn: -0.026635450983351516
  errUp: 0.026635450983351516
  error: 0.026635450983351516
  value: 0.6018046343129421
