numB:
  composition: 0
  errDn: -95.54380887647102
  errUp: 95.54380887647102
  error: 95.54380887647102
  value: 737.4081997597658
numC:
  composition: 0
  errDn: -209.61145737155493
  errUp: 209.61145737155493
  error: 209.61145737155493
  value: 12979.98691007681
numL:
  composition: 0
  errDn: -228.4814230729462
  errUp: 228.4814230729462
  error: 228.4814230729462
  value: 57438.5690385248
