numB:
  composition: 0
  errDn: -22.999357675492007
  errUp: 22.999357675492007
  error: 22.999357675492007
  value: 512.1165040904374
numC:
  composition: 0
  errDn: -84.5452244759781
  errUp: 84.5452244759781
  error: 84.5452244759781
  value: 2285.0301253679095
numL:
  composition: 0
  errDn: -103.4245772594968
  errUp: 103.4245772594968
  error: 103.4245772594968
  value: 17723.517556311734
