nFAKE:
  composition: 0.08941218632102164
  error: 41.11280268476082
  value: 1135.8924111064073
nSIGN:
  composition: 0.9105878136789783
  error: 109.9531079808894
  value: 11568.10754509809
