nFAKE:
  composition: 0.09546278991142512
  error: 66.60054782841735
  value: 3052.331565910755
nSIGN:
  composition: 0.9045372100885749
  error: 174.41540650492243
  value: 28921.713700761764
