emptyFAKE: 0
nB:
  composition: 0.1
  value: 24.547566535841927
nC:
  composition: 0.2
  value: 49.095133071683854
nDATA:
  value: 306.84458169802406
nFAKE:
  composition: 0.2
  value: 61.368916339604816
nL:
  composition: 0.7
  value: 171.83296575089346
nSIGN:
  value: 245.47566535841926
