numL:
  errDn: 8.248775591016539
  errUp: 8.504744112489433
  error: 8.504744112489433
  value: 108.6474838256836
