numB:
  errDn: 7.526056117778694
  errUp: 7.808451802447564
  error: 7.808451802447564
  value: 85.69860076904297
