numB:
  errDn: 7.344180849231748
  errUp: 7.65014610268743
  error: 7.65014610268743
  value: 82.60691833496094
