numC:
  errDn: 8.108096335807744
  errUp: 8.412391400811742
  error: 8.412391400811742
  value: 83.21422576904297
