numC:
  errDn: 7.932778005332608
  errUp: 8.2415404341492
  error: 8.2415404341492
  value: 85.56297302246094
