numB:
  composition: 0
  errDn: -26.697995854095524
  errUp: 26.697995854095524
  error: 26.697995854095524
  value: 326.1113608924051
numC:
  composition: 0
  errDn: -85.03094933987325
  errUp: 85.03094933987325
  error: 85.03094933987325
  value: 1640.5865568220352
numL:
  composition: 0
  errDn: -119.22521002865687
  errUp: 119.22521002865687
  error: 119.22521002865687
  value: 18365.07311225605
