nB:
  composition: 0.03569833632342746
  error: 34.74947897250547
  value: 1150.0243204835563
nC:
  composition: 0.1883260425413441
  error: 117.42581798688298
  value: 6066.936205114793
nFAKE:
  error: 53.64346708506457
  value: 1920.811484082377
nL:
  composition: 0.7759756211352284
  error: 129.75717729707503
  value: 24998.107147704934
