nB:
  composition: 0.04907750477286382
  error: 20.853664269845638
  value: 484.0027609345381
nC:
  composition: 0.1589989393615009
  error: 70.41807334207101
  value: 1568.0488646028411
nL:
  composition: 0.7919235558656353
  error: 75.07511411799533
  value: 7809.9567054598265
