rB:
  errDn: -0.0014464116701073757
  errUp: 0.0014464116701073757
  error: 0.0014464116701073757
  value: 9.707593886729149e-14
rC:
  errDn: -0.004478941190892982
  errUp: 0.004478941190892982
  error: 0.004478941190892982
  value: 0.7295564782627556
rL:
  errDn: -0.0011095733743861531
  errUp: 0.0011095733743861531
  error: 0.0011095733743861531
  value: 1.785138876997383e-16
