emptyFAKE: 0
nB:
  composition: 0.1
  value: 982.4508393628562
nC:
  composition: 0.2
  value: 1964.9016787257124
nDATA:
  value: 12280.6354920357
nFAKE:
  composition: 0.2
  value: 2456.1270984071402
nL:
  composition: 0.7
  value: 6877.155875539992
nSIGN:
  value: 9824.508393628561
