numB:
  errDn: 35.88778698840861
  errUp: 36.17483672634262
  error: 36.17483672634262
  value: 1942.599853515625
