numL:
  errDn: 50.12067039140993
  errUp: 50.334858173021075
  error: 50.334858173021075
  value: 2784.00244140625
