numB:
  errDn: 8.567455248279202
  errUp: 192.76567015663568
  error: 192.76567015663568
  value: 2775.0
