numC:
  errDn: 3958.012451171875
  errUp: 0.0
  error: 3958.012451171875
  value: 6618.75
