numC:
  errDn: 57.72550757191948
  errUp: 57.69016308904429
  error: 57.72550757191948
  value: 5000.12353515625
