nFAKE:
  composition: 0.01589577208155578
  error: 4.568096432965252
  value: 4.3236191119370275
nSIGN:
  composition: 0.9841042279184442
  error: 16.1786604268476
  value: 267.6744373369108
