nFAKE:
  composition: 0.025597896179468206
  error: 8.99897237184276
  value: 14.744972227266498
nSIGN:
  composition: 0.9744021038205317
  error: 24.747997240529855
  value: 561.2778432372825
