nFAKE:
  composition: 6.149099836607795e-08
  error: 1.5261158446048724
  value: 1.1188576496290459e-05
nSIGN:
  composition: 0.9999999385090016
  error: 170.50733011739283
  value: 181.9546942738532
