numB:
  composition: 0
  errDn: -52.38454739640784
  errUp: 52.38454739640784
  error: 52.38454739640784
  value: 401.50067676993945
numC:
  composition: 0
  errDn: -111.65473955549442
  errUp: 111.65473955549442
  error: 111.65473955549442
  value: 8299.017699780396
numL:
  composition: 0
  errDn: -84.8325626463095
  errUp: 84.8325626463095
  error: 84.8325626463095
  value: 2832.764779083794
