rB:
  errDn: -0.008520362009911077
  errUp: 0.008520362009911077
  error: 0.008520362009911077
  value: 1.8472054560871726e-11
rC:
  errDn: -0.011982401734381365
  errUp: 0.011982401734381365
  error: 0.011982401734381365
  value: 0.669781205015211
rL:
  errDn: -0.005097836613913664
  errUp: 0.005097836613913664
  error: 0.005097836613913664
  value: 0.7541430847492269
