numB:
  composition: 0
  errDn: -5.082653292564093
  errUp: 5.082653292564093
  error: 5.082653292564093
  value: 25.376648666876065
numC:
  composition: 0
  errDn: -4.573293416364937
  errUp: 4.573293416364937
  error: 4.573293416364937
  value: 10.45952956370386
numL:
  composition: 0
  errDn: -4.400996944513774
  errUp: 4.400996944513774
  error: 4.400996944513774
  value: 16.162953108528285
