numFAKE:
  composition: 0
  errDn: -0.8740388487892968
  errUp: 0.8740388487892968
  error: 0.8740388487892968
  value: 1.0846428476453873e-06
numSIGN:
  composition: 0
  errDn: -42.86918440152569
  errUp: 42.86918440152569
  error: 42.86918440152569
  value: 51.98991257357867
