numB:
  composition: 0
  errDn: -60.150934793731395
  errUp: 60.150934793731395
  error: 60.150934793731395
  value: 74.06414554171029
numC:
  composition: 0
  errDn: -117.71905962030155
  errUp: 117.71905962030155
  error: 117.71905962030155
  value: 2961.3057575277603
numL:
  composition: 0
  errDn: -103.27692549384801
  errUp: 103.27692549384801
  error: 103.27692549384801
  value: 7163.812898529683
