numB:
  composition: 0
  errDn: -18.502737437352096
  errUp: 18.502737437352096
  error: 18.502737437352096
  value: 391.37438104757706
numC:
  composition: 0
  errDn: -38.8057437336949
  errUp: 38.8057437336949
  error: 38.8057437336949
  value: 924.1828985576567
numL:
  composition: 0
  errDn: -36.477103448299204
  errUp: 36.477103448299204
  error: 36.477103448299204
  value: 1429.6492921345082
