numC:
  errDn: 27.523873821347138
  errUp: 27.614765849087576
  error: 27.614765849087576
  value: 860.1881713867188
