numC:
  errDn: 26.76144666019286
  errUp: 27.050334476702005
  error: 27.050334476702005
  value: 876.1788940429688
