numL:
  errDn: 27.71930239784956
  errUp: 27.951562287903243
  error: 27.951562287903243
  value: 1434.0421142578125
