numB:
  errDn: 17.85394848083672
  errUp: 18.43207890917313
  error: 18.43207890917313
  value: 495.0260925292969
