numB:
  errDn: 16.94942292253944
  errUp: 17.27231805067032
  error: 17.27231805067032
  value: 403.44879150390625
