nB:
  composition: 0.03486983708077286
  error: 20.057439669046573
  value: 303.4598943366932
nC:
  composition: 0.20870006582662753
  error: 81.73998725618287
  value: 1816.243069249396
nFAKE:
  error: 21.38320457949844
  value: 212.3960484139423
nL:
  composition: 0.7564300970925997
  error: 81.80362027133424
  value: 6582.944359765479
