nB:
  composition: 0.040738498217550094
  error: 6.746061993267855
  value: 38.82383560455058
nC:
  composition: 0.14906690511045836
  error: 25.405313885916286
  value: 142.06093182871413
nL:
  composition: 0.8101945966719915
  error: 26.19855797458132
  value: 772.1163814364135
