rB:
  errDn: -0.02517646787291324
  errUp: 0.02517646787291324
  error: 0.02517646787291324
  value: 4.853428244440102e-08
rC:
  errDn: -0.024523307016904628
  errUp: 0.024523307016904628
  error: 0.024523307016904628
  value: 0.05582604192439536
rL:
  errDn: -0.014986929963666629
  errUp: 0.014986929963666629
  error: 0.014986929963666629
  value: 0.6202971778272327
