numB:
  composition: 0
  errDn: -69.27559081294805
  errUp: 69.27559081294805
  error: 69.27559081294805
  value: 898.901221931381
numC:
  composition: 0
  errDn: -167.5879600723474
  errUp: 167.5879600723474
  error: 167.5879600723474
  value: 12320.7494578288
numL:
  composition: 0
  errDn: -178.02690739872196
  errUp: 178.02690739872196
  error: 178.02690739872196
  value: 57906.909553377336
