emptyFAKE: 0
nB:
  composition: 0.1
  value: 6384.876824066159
nC:
  composition: 0.2
  value: 12769.753648132319
nDATA:
  value: 79810.96030082698
nFAKE:
  composition: 0.2
  value: 15962.192060165396
nL:
  composition: 0.7
  value: 44694.13776846311
nSIGN:
  value: 63848.768240661586
