numB:
  composition: 0
  errDn: -40.87280193128868
  errUp: 40.87280193128868
  error: 40.87280193128868
  value: 2009.1441208168783
numC:
  composition: 0
  errDn: -153.61606670724905
  errUp: 153.61606670724905
  error: 153.61606670724905
  value: 10329.486133240353
numL:
  composition: 0
  errDn: -199.88057455808303
  errUp: 199.88057455808303
  error: 199.88057455808303
  value: 66687.03895526571
