numC:
  errDn: 139.331379617146
  errUp: 139.88853653319893
  error: 139.88853653319893
  value: 19391.876953125
