numC:
  errDn: 112.77493680789485
  errUp: 113.0324149552489
  error: 113.0324149552489
  value: 10329.9609375
