numB:
  errDn: 11.833037966047868
  errUp: 125.98713663693206
  error: 125.98713663693206
  value: 2009.0
