numB:
  errDn: 29.758777468967764
  errUp: 30.135117281630073
  error: 30.135117281630073
  value: 1332.9725341796875
