numL:
  errDn: 157.14061564017175
  errUp: 157.49513036201097
  error: 157.49513036201097
  value: 60324.4375
