numB:
  composition: 0
  errDn: -2.6733713771926277
  errUp: 2.6733713771926277
  error: 2.6733713771926277
  value: 9.105593862938544
numC:
  composition: 0
  errDn: -7.327114283300085
  errUp: 7.327114283300085
  error: 7.327114283300085
  value: 18.621480785882866
numL:
  composition: 0
  errDn: -7.843114548682411
  errUp: 7.843114548682411
  error: 7.843114548682411
  value: 67.49380139710269
