numB:
  composition: 0
  errDn: -17.40088805139905
  errUp: 17.40088805139905
  error: 17.40088805139905
  value: 39.166945217834346
numC:
  composition: 0
  errDn: -50.73031420219587
  errUp: 50.73031420219587
  error: 50.73031420219587
  value: 355.80376782087535
numL:
  composition: 0
  errDn: -51.603993642188925
  errUp: 51.603993642188925
  error: 51.603993642188925
  value: 3345.424631839062
