numB:
  errDn: -118.08711127357856
  errUp: 118.08711127357856
  error: 118.08711127357856
  value: 16874.29125199724
numC:
  errDn: -431.2800003928569
  errUp: 431.2800003928569
  error: 431.2800003928569
  value: 88140.18402248193
numL:
  errDn: -572.449601072527
  errUp: 572.449601072527
  error: 572.449601072527
  value: 599879.5345411773
