numB:
  composition: 0
  errDn: -32.88354864258753
  errUp: 32.88354864258753
  error: 32.88354864258753
  value: 520.8725115102782
numC:
  composition: 0
  errDn: -114.19985358240979
  errUp: 114.19985358240979
  error: 114.19985358240979
  value: 2731.3712954041616
numL:
  composition: 0
  errDn: -136.0075820919992
  errUp: 136.0075820919992
  error: 136.0075820919992
  value: 18935.59735871759
