numB:
  composition: 0
  errDn: -35.59482395280986
  errUp: 35.59482395280986
  error: 35.59482395280986
  value: 1246.1914957573406
numC:
  composition: 0
  errDn: -156.09690991260732
  errUp: 156.09690991260732
  error: 156.09690991260732
  value: 7654.298367233216
numL:
  composition: 0
  errDn: -177.92119933170397
  errUp: 177.92119933170397
  error: 177.92119933170397
  value: 33155.78306731373
