emptyFAKE: 0
nB:
  composition: 0.1
  value: 3714.4800000000005
nC:
  composition: 0.2
  value: 7428.960000000001
nDATA:
  value: 46431.0
nFAKE:
  composition: 0.2
  value: 9286.2
nL:
  composition: 0.7
  value: 26001.36
nSIGN:
  value: 37144.8
