numL:
  errDn: 120.4314797123152
  errUp: 120.62824681439452
  error: 120.62824681439452
  value: 30807.333984375
