numSIGN:
  errDn: 207.740435678199
  errUp: 208.81321160448715
  error: 208.81321160448715
  value: 40439.13671875
