numB:
  errDn: 28.900239723649634
  errUp: 29.305726571771288
  error: 29.305726571771288
  value: 986.41259765625
