numFAKE:
  errDn: 477.74234083209194
  errUp: 13.689813833524568
  error: 477.74234083209194
  value: 4200.0
