numFAKE:
  errDn: 83.88492472127109
  errUp: 84.99891105128881
  error: 84.99891105128881
  value: 4318.96044921875
