numB:
  errDn: 2.3197663830974307
  errUp: 519.9609704790889
  error: 519.9609704790889
  value: 1246.0
