numSIGN:
  errDn: 209.23962553313322
  errUp: 209.92088068605517
  error: 209.92088068605517
  value: 42230.67578125
