numC:
  errDn: 102.03268862602636
  errUp: 102.36421037906985
  error: 102.36421037906985
  value: 7654.91650390625
