numC:
  errDn: 111.48473523032408
  errUp: 111.99475804033136
  error: 111.99475804033136
  value: 10581.3251953125
