numB:
  composition: 0
  errDn: -20.018481996616572
  errUp: 20.018481996616572
  error: 20.018481996616572
  value: 366.41526625572527
numC:
  composition: 0
  errDn: -82.68336035038749
  errUp: 82.68336035038749
  error: 82.68336035038749
  value: 1686.969160348331
numL:
  composition: 0
  errDn: -99.97859777558006
  errUp: 99.97859777558006
  error: 99.97859777558006
  value: 14783.119700982683
