numB:
  composition: 0
  errDn: -6.600808471568103
  errUp: 6.600808471568103
  error: 6.600808471568103
  value: 21.13603814416037
numC:
  composition: 0
  errDn: -16.200766835609457
  errUp: 16.200766835609457
  error: 16.200766835609457
  value: 46.96731631822416
numL:
  composition: 0
  errDn: -17.015881612820465
  errUp: 17.015881612820465
  error: 17.015881612820465
  value: 233.58652595080557
