rB:
  errDn: -0.006549081757951786
  errUp: 0.006549081757951786
  error: 0.006549081757951786
  value: 4.157905573662357e-13
rC:
  errDn: -0.006616427244462653
  errUp: 0.006616427244462653
  error: 0.006616427244462653
  value: 0.7336241129599158
rL:
  errDn: -0.0024019681792884495
  errUp: 0.0024019681792884495
  error: 0.0024019681792884495
  value: 0.010242867556748676
