numB:
  composition: 0
  errDn: -13.981359128658525
  errUp: 13.981359128658525
  error: 13.981359128658525
  value: 249.75808885637295
numC:
  composition: 0
  errDn: -30.362508696679413
  errUp: 30.362508696679413
  error: 30.362508696679413
  value: 520.1286303682201
numL:
  composition: 0
  errDn: -29.585273941983417
  errUp: 29.585273941983417
  error: 29.585273941983417
  value: 1016.648525933529
