numB:
  composition: 0
  errDn: -18.324590086152632
  errUp: 18.324590086152632
  error: 18.324590086152632
  value: 129.31735609005355
numC:
  composition: 0
  errDn: -71.15650810475006
  errUp: 71.15650810475006
  error: 71.15650810475006
  value: 906.0582777479414
numL:
  composition: 0
  errDn: -97.78585731924431
  errUp: 97.78585731924431
  error: 97.78585731924431
  value: 10905.822095885842
