rB:
  errDn: -0.009892813670825118
  errUp: 0.009892813670825118
  error: 0.009892813670825118
  value: 0.5258790021612514
rC:
  errDn: -0.0050992919681440915
  errUp: 0.0050992919681440915
  error: 0.0050992919681440915
  value: 0.021108970543678843
rL:
  errDn: -0.0026868127317312826
  errUp: 0.0026868127317312826
  error: 0.0026868127317312826
  value: 2.5657014018779303e-10
