emptyFAKE: 0
nB:
  composition: 0.1
  value: 1.982970757922665
nC:
  composition: 0.2
  value: 3.96594151584533
nDATA:
  value: 24.787134474033312
nFAKE:
  composition: 0.2
  value: 4.957426894806662
nL:
  composition: 0.7
  value: 13.880795305458655
nSIGN:
  value: 19.82970757922665
