numB:
  composition: 0
  errDn: -2.406845239751488
  errUp: 2.406845239751488
  error: 2.406845239751488
  value: 8.352633714435722
numC:
  composition: 0
  errDn: -3.34047117777887
  errUp: 3.34047117777887
  error: 3.34047117777887
  value: 6.679307340521888
numL:
  composition: 0
  errDn: -2.927250928612418
  errUp: 2.927250928612418
  error: 2.927250928612418
  value: 7.423742938770009
