numB:
  errDn: 1.9722929253573884
  errUp: 2.2385715561557102
  error: 2.2385715561557102
  value: 8.09765338897705
