numL:
  errDn: 2.100159839183026
  errUp: 2.3738293395361616
  error: 2.3738293395361616
  value: 7.317887783050537
