numC:
  errDn: 2.2656653723995195
  errUp: 2.5302336982266542
  error: 2.5302336982266542
  value: 7.152519702911377
