numC:
  errDn: 2.2272685735983844
  errUp: 2.471988861014209
  error: 2.471988861014209
  value: 7.437716960906982
