numB:
  errDn: 2.023356719190952
  errUp: 2.313202984964226
  error: 2.313202984964226
  value: 8.323209762573242
