numB:
  composition: 0
  errDn: -6.660847457208625
  errUp: 6.660847457208625
  error: 6.660847457208625
  value: 82.86219243765362
numC:
  composition: 0
  errDn: -5.432357720058436
  errUp: 5.432357720058436
  error: 5.432357720058436
  value: 35.74915648229801
numL:
  composition: 0
  errDn: -4.658702556185676
  errUp: 4.658702556185676
  error: 4.658702556185676
  value: 19.718237993150492
