numC:
  errDn: 178.5881056236576
  errUp: 178.92438191419205
  error: 178.92438191419205
  value: 27589.443359375
