numC:
  errDn: 155.28936947703914
  errUp: 155.588748037193
  error: 155.588748037193
  value: 19424.71484375
