numB:
  errDn: 1577.760009765625
  errUp: 2.01682048566272
  error: 1577.760009765625
  value: 4560.0
