numB:
  errDn: 47.54785634103018
  errUp: 47.72376684111077
  error: 47.72376684111077
  value: 2962.6796875
