numL:
  errDn: 208.99978593806736
  errUp: 209.24683976109372
  error: 209.24683976109372
  value: 100346.984375
