numB:
  composition: 0
  errDn: -9.325539508493122
  errUp: 9.325539508493122
  error: 9.325539508493122
  value: 60.822771539669965
numC:
  composition: 0
  errDn: -18.72448274724811
  errUp: 18.72448274724811
  error: 18.72448274724811
  value: 136.83039999439734
numL:
  composition: 0
  errDn: -17.87074152241135
  errUp: 17.87074152241135
  error: 17.87074152241135
  value: 288.3894516798006
