numB:
  composition: 0
  errDn: -75.14330272408537
  errUp: 75.14330272408537
  error: 75.14330272408537
  value: 388.50164196133767
numC:
  composition: 0
  errDn: -125.53536707226613
  errUp: 125.53536707226613
  error: 125.53536707226613
  value: 8407.679662181785
numL:
  composition: 0
  errDn: -87.96727730442171
  errUp: 87.96727730442171
  error: 87.96727730442171
  value: 2736.4319087463123
