numB:
  composition: 0
  errDn: -4.449459460394914
  errUp: 4.449459460394914
  error: 4.449459460394914
  value: 18.315283084960356
numC:
  composition: 0
  errDn: -16.77080197040278
  errUp: 16.77080197040278
  error: 16.77080197040278
  value: 95.25748597996014
numL:
  composition: 0
  errDn: -23.672775281033182
  errUp: 23.672775281033182
  error: 23.672775281033182
  value: 1002.6957732719944
