numB:
  composition: 0
  errDn: -58.269542623099824
  errUp: 58.269542623099824
  error: 58.269542623099824
  value: 2702.8067951326793
numC:
  composition: 0
  errDn: -62.001320794691765
  errUp: 62.001320794691765
  error: 62.001320794691765
  value: 1788.1166649940512
numL:
  composition: 0
  errDn: -45.49643875956468
  errUp: 45.49643875956468
  error: 45.49643875956468
  value: 749.4683065844688
