numB:
  composition: 0
  errDn: -3.833674954455511
  errUp: 3.833674954455511
  error: 3.833674954455511
  value: 10.829743681714016
numC:
  composition: 0
  errDn: -5.1574646532209405
  errUp: 5.1574646532209405
  error: 5.1574646532209405
  value: 7.284097696134934
numL:
  composition: 0
  errDn: -4.7593790424502105
  errUp: 4.7593790424502105
  error: 4.7593790424502105
  value: 13.807274361587561
