numB:
  composition: 0
  errDn: -2.8831055067932905
  errUp: 2.8831055067932905
  error: 2.8831055067932905
  value: 10.87499455786129
numC:
  composition: 0
  errDn: -4.363764173718026
  errUp: 4.363764173718026
  error: 4.363764173718026
  value: 7.374807035920097
numL:
  composition: 0
  errDn: -4.085787466785983
  errUp: 4.085787466785983
  error: 4.085787466785983
  value: 13.60065326447971
