numB:
  composition: 0
  errDn: -17.516508979806048
  errUp: 17.516508979806048
  error: 17.516508979806048
  value: 452.26195166393893
numC:
  composition: 0
  errDn: -20.81744701105815
  errUp: 20.81744701105815
  error: 20.81744701105815
  value: 252.4681577188105
numL:
  composition: 0
  errDn: -15.793847241240528
  errUp: 15.793847241240528
  error: 15.793847241240528
  value: 183.13797415545486
