numFAKE:
  composition: 0
  errDn: -1.8449945792768694
  errUp: 1.8449945792768694
  error: 1.8449945792768694
  value: 6.430517006700992e-08
numSIGN:
  composition: 0
  errDn: -1.5552722539843975
  errUp: 1.5552722539843975
  error: 1.5552722539843975
  value: 2.9993062707372853
