numB:
  composition: 0
  errDn: -1.0025832942974415
  errUp: 1.0025832942974415
  error: 1.0025832942974415
  value: 1.6083723318762029
numC:
  composition: 0
  errDn: -0.8201481801627799
  errUp: 0.8201481801627799
  error: 0.8201481801627799
  value: 0.7039905348451916
numL:
  composition: 0
  errDn: -0.6441377273812088
  errUp: 0.6441377273812088
  error: 0.6441377273812088
  value: 0.6876366173749839
