numB:
  composition: 0
  errDn: -23.3152752600775
  errUp: 23.3152752600775
  error: 23.3152752600775
  value: 329.724754426866
numC:
  composition: 0
  errDn: -78.37791947551602
  errUp: 78.37791947551602
  error: 78.37791947551602
  value: 1635.2127927890062
numL:
  composition: 0
  errDn: -113.87298481297694
  errUp: 113.87298481297694
  error: 113.87298481297694
  value: 18343.052316926467
