rB:
  errDn: -0.023984442029316627
  errUp: 0.023984442029316627
  error: 0.023984442029316627
  value: 0.5197378031339966
rC:
  errDn: -0.020556452058079433
  errUp: 0.020556452058079433
  error: 0.020556452058079433
  value: 1.0462181264483557
rL:
  errDn: -0.021032398069802172
  errUp: 0.021032398069802172
  error: 0.021032398069802172
  value: 0.331572412210766
