rB:
  errDn: -0.028969340682822836
  errUp: 0.028969340682822836
  error: 0.028969340682822836
  value: 0.3367262623910004
rC:
  errDn: -0.034142748184242955
  errUp: 0.034142748184242955
  error: 0.034142748184242955
  value: 0.8468276718054508
rL:
  errDn: -0.015982896092982035
  errUp: 0.015982896092982035
  error: 0.015982896092982035
  value: 0.6899143084355498
