emptyFAKE: 0
nB:
  composition: 0.1
  value: 8.376852153662442
nC:
  composition: 0.2
  value: 16.753704307324885
nDATA:
  value: 104.71065192078052
nFAKE:
  composition: 0.2
  value: 20.942130384156105
nL:
  composition: 0.7
  value: 58.63796507563709
nSIGN:
  value: 83.76852153662442
