numB:
  composition: 0
  errDn: -2.6746466151085335
  errUp: 2.6746466151085335
  error: 2.6746466151085335
  value: 9.106437070637538
numC:
  composition: 0
  errDn: -7.331337201723162
  errUp: 7.331337201723162
  error: 7.331337201723162
  value: 18.611717500845355
numL:
  composition: 0
  errDn: -7.843613581592432
  errUp: 7.843613581592432
  error: 7.843613581592432
  value: 67.48939766615999
