numB:
  errDn: 2.410120688395166
  errUp: 2.7335787380018406
  error: 2.7335787380018406
  value: 10.212278366088867
