numL:
  errDn: 5.43406813943416
  errUp: 5.640248802021205
  error: 5.640248802021205
  value: 62.1875114440918
