numC:
  errDn: 4.947064516695331
  errUp: 5.242649693612165
  error: 5.242649693612165
  value: 25.018733978271484
