numC:
  errDn: 4.711274774736271
  errUp: 5.035851697940345
  error: 5.035851697940345
  value: 18.234378814697266
