numB:
  errDn: 2.1465454561036816
  errUp: 2.479434048074202
  error: 2.479434048074202
  value: 8.042229652404785
