rB:
  errDn: -0.04528387150689181
  errUp: 0.04528387150689181
  error: 0.04528387150689181
  value: 9.287761271116642e-09
rC:
  errDn: -0.018906742091478922
  errUp: 0.018906742091478922
  error: 0.018906742091478922
  value: 0.014066302908655806
rL:
  errDn: -0.01180329383718598
  errUp: 0.01180329383718598
  error: 0.01180329383718598
  value: 0.6527749144942766
