nB:
  composition: 0.03815300375823979
  error: 17.50729894980506
  value: 332.0322448876324
nC:
  composition: 0.20036852547500797
  error: 75.98459036186114
  value: 1743.7371835742717
nFAKE:
  error: 21.475829716039698
  value: 212.36867770607057
nL:
  composition: 0.7614784707667521
  error: 79.44836164758044
  value: 6626.880747958985
