nFAKE:
  composition: 0.023524218161939583
  error: 21.163567894913342
  value: 209.71922325054172
nSIGN:
  composition: 0.9764757818380604
  error: 94.49413356194509
  value: 8705.315563744065
