numB:
  composition: 0
  errDn: -43.8496390828142
  errUp: 43.8496390828142
  error: 43.8496390828142
  value: 50.428131528353326
numC:
  composition: 0
  errDn: -97.61143602569223
  errUp: 97.61143602569223
  error: 97.61143602569223
  value: 2173.295211457659
numL:
  composition: 0
  errDn: -83.82311589510573
  errUp: 83.82311589510573
  error: 83.82311589510573
  value: 6958.614365950156
