numB:
  composition: 0
  errDn: -29.81994616791269
  errUp: 29.81994616791269
  error: 29.81994616791269
  value: 384.8698797240895
numC:
  composition: 0
  errDn: -107.66371954012698
  errUp: 107.66371954012698
  error: 107.66371954012698
  value: 2491.7331414866912
numL:
  composition: 0
  errDn: -143.78809211743828
  errUp: 143.78809211743828
  error: 143.78809211743828
  value: 24080.413784315115
