numB:
  composition: 0
  errDn: -60.82740203259485
  errUp: 60.82740203259485
  error: 60.82740203259485
  value: 232.86923131725626
numC:
  composition: 0
  errDn: -105.3716477198659
  errUp: 105.3716477198659
  error: 105.3716477198659
  value: 5003.664133454996
numL:
  composition: 0
  errDn: -73.34505706273706
  errUp: 73.34505706273706
  error: 73.34505706273706
  value: 1889.9653848008068
