numB:
  composition: 0
  errDn: -18.591306116161235
  errUp: 18.591306116161235
  error: 18.591306116161235
  value: 317.65743955781096
numC:
  composition: 0
  errDn: -48.7560443742949
  errUp: 48.7560443742949
  error: 48.7560443742949
  value: 874.9425519079525
numL:
  composition: 0
  errDn: -46.32279452733337
  errUp: 46.32279452733337
  error: 46.32279452733337
  value: 1891.4612270044963
