numB:
  errDn: 17.361240748388298
  errUp: 17.752605844163156
  error: 17.752605844163156
  value: 410.9013671875
