numC:
  errDn: 29.71623183243139
  errUp: 29.976325558869462
  error: 29.976325558869462
  value: 802.600830078125
