numL:
  errDn: 31.234102745450173
  errUp: 31.133646182908706
  error: 31.234102745450173
  value: 1835.5006103515625
