numC:
  errDn: 29.74702660480807
  errUp: 30.021533848563877
  error: 30.021533848563877
  value: 907.42236328125
