numB:
  errDn: 15.861940291188489
  errUp: 16.213195520434738
  error: 16.213195520434738
  value: 310.0497741699219
