numB:
  composition: 0
  errDn: -35.668843950293535
  errUp: 35.668843950293535
  error: 35.668843950293535
  value: 1243.5678970784188
numC:
  composition: 0
  errDn: -153.82147448337855
  errUp: 153.82147448337855
  error: 153.82147448337855
  value: 7967.731764030386
numL:
  composition: 0
  errDn: -169.2291799907398
  errUp: 169.2291799907398
  error: 169.2291799907398
  value: 33016.22702487289
