emptyFAKE: 0
nB:
  composition: 0.1
  value: 3714.0800000000004
nC:
  composition: 0.2
  value: 7428.160000000001
nDATA:
  value: 46426.0
nFAKE:
  composition: 0.2
  value: 9285.2
nL:
  composition: 0.7
  value: 25998.56
