numFAKE:
  composition: 0
  errDn: -83.38885752561146
  errUp: 83.38885752561146
  error: 83.38885752561146
  value: 4200.588816779987
numSIGN:
  composition: 0
  errDn: -211.24144194190012
  errUp: 211.24144194190012
  error: 211.24144194190012
  value: 42230.519324191264
