numB:
  composition: 0
  errDn: -4.766618156242833
  errUp: 4.766618156242833
  error: 4.766618156242833
  value: 17.318563849319375
numC:
  composition: 0
  errDn: -5.424244259637292
  errUp: 5.424244259637292
  error: 5.424244259637292
  value: 14.624657737568363
numL:
  composition: 0
  errDn: -5.00223889344268
  errUp: 5.00223889344268
  error: 5.00223889344268
  value: 23.3204590104508
