numB:
  composition: 0
  errDn: -25.247036154017863
  errUp: 25.247036154017863
  error: 25.247036154017863
  value: 1.0189875727703428e-08
numC:
  composition: 0
  errDn: -39.76840869352287
  errUp: 39.76840869352287
  error: 39.76840869352287
  value: 1054.7178545585516
numL:
  composition: 0
  errDn: -49.60483405523382
  errUp: 49.60483405523382
  error: 49.60483405523382
  value: 3605.1121606447678
