rB:
  errDn: -0.007631556399105496
  errUp: 0.007631556399105496
  error: 0.007631556399105496
  value: 2.2393360115443434e-11
rC:
  errDn: -0.01003604877789932
  errUp: 0.01003604877789932
  error: 0.01003604877789932
  value: 0.666412572190691
rL:
  errDn: -0.004234072161701796
  errUp: 0.004234072161701796
  error: 0.004234072161701796
  value: 0.7527192075565635
