numB:
  errDn: -26.380470973342714
  errUp: 26.380470973342714
  error: 26.380470973342714
  value: 2.6549595850576232e-05
numC:
  errDn: -66.99119336968062
  errUp: 66.99119336968062
  error: 66.99119336968062
  value: 93.24945174012558
numL:
  errDn: -592.272964460426
  errUp: 592.272964460426
  error: 592.272964460426
  value: 598795.0774194192
