numB:
  composition: 0
  errDn: -41.26419788974863
  errUp: 41.26419788974863
  error: 41.26419788974863
  value: 1234.6531924311275
numC:
  composition: 0
  errDn: -47.26972594413911
  errUp: 47.26972594413911
  error: 47.26972594413911
  value: 794.1505863485484
numL:
  composition: 0
  errDn: -39.39326657141845
  errUp: 39.39326657141845
  error: 39.39326657141845
  value: 777.147539910022
