numFAKE:
  composition: 0
  errDn: -23.54896936774992
  errUp: 23.54896936774992
  error: 23.54896936774992
  value: 303.9364468684607
numSIGN:
  composition: 0
  errDn: -55.32095165298756
  errUp: 55.32095165298756
  error: 55.32095165298756
  value: 2812.0650905716084
