emptyFAKE: 0
nB:
  composition: 0.1
  value: 249.28000000000003
nC:
  composition: 0.2
  value: 498.56000000000006
nDATA:
  value: 3116.0
nFAKE:
  composition: 0.2
  value: 623.2
nL:
  composition: 0.7
  value: 1744.96
nSIGN:
  value: 2492.8
