rB:
  errDn: -0.010155564232769865
  errUp: 0.010155564232769865
  error: 0.010155564232769865
  value: 0.5276666756786186
rC:
  errDn: -0.005250138969396018
  errUp: 0.005250138969396018
  error: 0.005250138969396018
  value: 0.02145162176767095
rL:
  errDn: -0.0030469453351612457
  errUp: 0.0030469453351612457
  error: 0.0030469453351612457
  value: 2.1451856693451878e-09
