numB:
  composition: 0
  errDn: -2.5477040661565145
  errUp: 2.5477040661565145
  error: 2.5477040661565145
  value: 12.500274211419901
numC:
  composition: 0
  errDn: -2.0309200025639695
  errUp: 2.0309200025639695
  error: 2.0309200025639695
  value: 2.7049975895244764
numL:
  composition: 0
  errDn: -1.5980289714995872
  errUp: 1.5980289714995872
  error: 1.5980289714995872
  value: 2.496716810205765
