rB:
  errDn: -0.024319898078318615
  errUp: 0.024319898078318615
  error: 0.024319898078318615
  value: 2.8843409865392244e-14
rC:
  errDn: -0.011333457005926102
  errUp: 0.011333457005926102
  error: 0.011333457005926102
  value: 0.06862509224384639
rL:
  errDn: -0.006850852791583317
  errUp: 0.006850852791583317
  error: 0.006850852791583317
  value: 0.610091139011707
