numB:
  composition: 0
  errDn: -28.984998851236185
  errUp: 28.984998851236185
  error: 28.984998851236185
  value: 803.2406615498722
numC:
  composition: 0
  errDn: -109.21196172965574
  errUp: 109.21196172965574
  error: 109.21196172965574
  value: 3890.4748483544586
numL:
  composition: 0
  errDn: -133.70822141762437
  errUp: 133.70822141762437
  error: 133.70822141762437
  value: 26326.15208424185
