numB:
  composition: 0
  errDn: -16.970345457283813
  errUp: 16.970345457283813
  error: 16.970345457283813
  value: 104.42124229606439
numC:
  composition: 0
  errDn: -71.71878402709865
  errUp: 71.71878402709865
  error: 71.71878402709865
  value: 645.4761774755658
numL:
  composition: 0
  errDn: -88.43650934473226
  errUp: 88.43650934473226
  error: 88.43650934473226
  value: 7372.757188973756
