numB:
  composition: 0
  errDn: -24.543732336692926
  errUp: 24.543732336692926
  error: 24.543732336692926
  value: 681.5397712617803
numC:
  composition: 0
  errDn: -60.71561185756104
  errUp: 60.71561185756104
  error: 60.71561185756104
  value: 1885.3114123830198
numL:
  composition: 0
  errDn: -56.479714552190444
  errUp: 56.479714552190444
  error: 56.479714552190444
  value: 2602.6343445076545
