numB:
  composition: 0
  errDn: -5.999302039801719
  errUp: 5.999302039801719
  error: 5.999302039801719
  value: 53.7037688490166
numC:
  composition: 0
  errDn: -8.083499573163259
  errUp: 8.083499573163259
  error: 8.083499573163259
  value: 41.46410638524675
numL:
  composition: 0
  errDn: -6.659171419038104
  errUp: 6.659171419038104
  error: 6.659171419038104
  value: 34.487222524048626
