numB:
  composition: 0
  errDn: -11.177044659702164
  errUp: 11.177044659702164
  error: 11.177044659702164
  value: 41.02432118976716
numC:
  composition: 0
  errDn: -28.335127945707598
  errUp: 28.335127945707598
  error: 28.335127945707598
  value: 351.720229621629
numL:
  composition: 0
  errDn: -25.85776870235054
  errUp: 25.85776870235054
  error: 25.85776870235054
  value: 476.21720291950015
