numB:
  composition: 0
  errDn: -54.03726789343068
  errUp: 54.03726789343068
  error: 54.03726789343068
  value: 3190.6275130066797
numC:
  composition: 0
  errDn: -187.13988177745523
  errUp: 187.13988177745523
  error: 187.13988177745523
  value: 16793.675200158264
numL:
  composition: 0
  errDn: -240.70121648869826
  errUp: 240.70121648869826
  error: 240.70121648869826
  value: 97544.09978515582
