nB:
  composition: 0.04417983355505237
  error: 42.47584284317668
  value: 2397.2418611068506
nC:
  composition: 0.16529812256723442
  error: 160.72894051074763
  value: 8969.24110152582
nL:
  composition: 0.7905220438777133
  error: 178.51863703575873
  value: 42894.51505854942
