nFAKE:
  composition: 0.06982916926766332
  error: 140.0776929011481
  value: 10061.265948027487
nSIGN:
  composition: 0.9301708307323366
  error: 387.20308639862924
  value: 134022.73295308338
