numB:
  composition: 0
  errDn: -20.115330808611077
  errUp: 20.115330808611077
  error: 20.115330808611077
  value: 475.35151566069584
numC:
  composition: 0
  errDn: -40.07558980081103
  errUp: 40.07558980081103
  error: 40.07558980081103
  value: 998.4716616845752
numL:
  composition: 0
  errDn: -38.04105025085528
  errUp: 38.04105025085528
  error: 38.04105025085528
  value: 1656.517911070181
