numB:
  composition: 0
  errDn: -5.592884279583778
  errUp: 5.592884279583778
  error: 5.592884279583778
  value: 46.772795277891774
numC:
  composition: 0
  errDn: -4.954862421634452
  errUp: 4.954862421634452
  error: 4.954862421634452
  value: 8.347957936531362
numL:
  composition: 0
  errDn: -2.9490580469435157
  errUp: 2.9490580469435157
  error: 2.9490580469435157
  value: 3.176541527461653
