numB:
  composition: 0
  errDn: -20.00025794935752
  errUp: 20.00025794935752
  error: 20.00025794935752
  value: 250.1982765410833
numC:
  composition: 0
  errDn: -34.97805313148754
  errUp: 34.97805313148754
  error: 34.97805313148754
  value: 521.5878399183048
numL:
  composition: 0
  errDn: -33.13178418693735
  errUp: 33.13178418693735
  error: 33.13178418693735
  value: 1014.0620186897253
