numB:
  composition: 0
  errDn: -15.424116937875837
  errUp: 15.424116937875837
  error: 15.424116937875837
  value: 234.4466073116021
numC:
  composition: 0
  errDn: -71.43309436867855
  errUp: 71.43309436867855
  error: 71.43309436867855
  value: 1343.4846229993127
numL:
  composition: 0
  errDn: -86.31621280815943
  errUp: 86.31621280815943
  error: 86.31621280815943
  value: 9618.516776021685
