emptyFAKE: 0
nB:
  composition: 0.1
  value: 940.1600000000001
nC:
  composition: 0.2
  value: 1880.3200000000002
nDATA:
  value: 11752.0
nFAKE:
  composition: 0.2
  value: 2350.4
nL:
  composition: 0.7
  value: 6581.12
