rB:
  errDn: -0.02980262388369123
  errUp: 0.02980262388369123
  error: 0.02980262388369123
  value: 0.3442377493149343
rC:
  errDn: -0.029584975089438525
  errUp: 0.029584975089438525
  error: 0.029584975089438525
  value: 0.8290486129684222
rL:
  errDn: -0.012155741916301033
  errUp: 0.012155741916301033
  error: 0.012155741916301033
  value: 0.6765186165129577
