numB:
  composition: 0
  errDn: -17.887652878204733
  errUp: 17.887652878204733
  error: 17.887652878204733
  value: 339.09027357592674
numC:
  composition: 0
  errDn: -62.47040685780814
  errUp: 62.47040685780814
  error: 62.47040685780814
  value: 1532.7064794256125
numL:
  composition: 0
  errDn: -94.19581504195048
  errUp: 94.19581504195048
  error: 94.19581504195048
  value: 18450.63370528294
