numB:
  composition: 0
  errDn: -52.404691570344994
  errUp: 52.404691570344994
  error: 52.404691570344994
  value: 3195.47922121371
numC:
  composition: 0
  errDn: -185.66769362051127
  errUp: 185.66769362051127
  error: 185.66769362051127
  value: 16750.484665348817
numL:
  composition: 0
  errDn: -239.40004077385674
  errUp: 239.40004077385674
  error: 239.40004077385674
  value: 97568.9923213582
