nB:
  composition: 0.03576798038754818
  error: 8.172371977803795
  value: 70.38648475675973
nC:
  composition: 0.13674992263060293
  error: 37.636295949987726
  value: 269.1051113436042
nFAKE:
  error: 13.334268082072924
  value: 117.19260932722014
nL:
  composition: 0.8274820969818489
  error: 40.24715914889475
  value: 1628.3713918044048
