nB:
  composition: 0.02426146362475302
  error: 34.67647329535028
  value: 182.81013627206912
nC:
  composition: 0.11460490944556281
  error: 90.94921194421818
  value: 863.5480297988311
nL:
  composition: 0.8611336269296841
  error: 79.59907439640529
  value: 6488.642157881323
