nB:
  composition: 0.01955651316331653
  error: 106.60224325268314
  value: 1598.0806278943926
nC:
  composition: 0.08512569829073897
  error: 262.2994397865209
  value: 6956.13416555196
nFAKE:
  error: 95.55441977587452
  value: 4561.002025423259
nL:
  composition: 0.8953177885459445
  error: 235.73777711084404
  value: 73161.81579691573
