nFAKE:
  composition: 0.0515126549352918
  error: 96.90443250932549
  value: 4444.357318606404
nSIGN:
  composition: 0.9484873450647082
  error: 293.7892959665551
  value: 81832.64246308284
