numB:
  composition: 0
  errDn: -4.819975306456874
  errUp: 4.819975306456874
  error: 4.819975306456874
  value: 5.88740167490643
numC:
  composition: 0
  errDn: -13.329096124241717
  errUp: 13.329096124241717
  error: 13.329096124241717
  value: 41.1087967728839
numL:
  composition: 0
  errDn: -14.828750533989023
  errUp: 14.828750533989023
  error: 14.828750533989023
  value: 293.98568597181924
