numB:
  composition: 0
  errDn: -11.392233584858168
  errUp: 11.392233584858168
  error: 11.392233584858168
  value: 136.32354830759385
numC:
  composition: 0
  errDn: -8.183779836402698
  errUp: 8.183779836402698
  error: 8.183779836402698
  value: 29.17327564195891
numL:
  composition: 0
  errDn: -5.45063793153807
  errUp: 5.45063793153807
  error: 5.45063793153807
  value: 11.529759696654551
