numB:
  composition: 0
  errDn: -0.16589692322126
  errUp: 0.16589692322126
  error: 0.16589692322126
  value: 2.8526055120261726e-08
numC:
  composition: 0
  errDn: -1.4818759062854165
  errUp: 1.4818759062854165
  error: 1.4818759062854165
  value: 1.5159275908789889
numL:
  composition: 0
  errDn: -2.175041356563679
  errUp: 2.175041356563679
  error: 2.175041356563679
  value: 10.48358369236388
