emptyFAKE: 0
nB:
  composition: 0.1
  value: 0.9600000000000002
nC:
  composition: 0.2
  value: 1.9200000000000004
nDATA:
  value: 12.0
nFAKE:
  composition: 0.2
  value: 2.4000000000000004
nL:
  composition: 0.7
  value: 6.720000000000001
