numB:
  composition: 0
  errDn: -21.417008896311003
  errUp: 21.417008896311003
  error: 21.417008896311003
  value: 78.79657204916329
numC:
  composition: 0
  errDn: -49.332419333725625
  errUp: 49.332419333725625
  error: 49.332419333725625
  value: 1192.9199311155355
numL:
  composition: 0
  errDn: -39.71826030327492
  errUp: 39.71826030327492
  error: 39.71826030327492
  value: 697.9525311026525
