emptyFAKE: 0
nB:
  composition: 0.1
  value: 4.800000000000001
nC:
  composition: 0.2
  value: 9.600000000000001
nDATA:
  value: 60.0
nFAKE:
  composition: 0.2
  value: 12.0
nL:
  composition: 0.7
  value: 33.599999999999994
nSIGN:
  value: 48.0
