numB:
  composition: 0
  errDn: -5.623763384194975
  errUp: 5.623763384194975
  error: 5.623763384194975
  value: 29.887635215490192
numC:
  composition: 0
  errDn: -6.772905247468671
  errUp: 6.772905247468671
  error: 6.772905247468671
  value: 2.343622145788974
numL:
  composition: 0
  errDn: -6.508793192184008
  errUp: 6.508793192184008
  error: 6.508793192184008
  value: 27.77916811818306
