numFAKE:
  composition: 0
  errDn: -0.49860893678636864
  errUp: 0.49860893678636864
  error: 0.49860893678636864
  value: 4.270010030944186e-08
numSIGN:
  composition: 0
  errDn: -43.541795077644665
  errUp: 43.541795077644665
  error: 43.541795077644665
  value: 59.98884426648025
