nB:
  composition: 0.049263220812793954
  error: 21.06424031838074
  value: 456.62033395468626
nC:
  composition: 0.1585156881555632
  error: 68.41160025743591
  value: 1469.2804341337799
nL:
  composition: 0.7922210910316427
  error: 73.45572528598768
  value: 7343.08989920666
