nB:
  composition: 0.033412952862228874
  error: 42.57717409908673
  value: 1551.1480585170934
nC:
  composition: 0.13138919907828397
  error: 138.17400766307264
  value: 6099.553723992562
nFAKE:
  error: 78.22116885153605
  value: 3837.1948225213387
nL:
  composition: 0.8351978480594872
  error: 151.2531182427665
  value: 38772.85332538275
