rB:
  errDn: -0.01929849098111648
  errUp: 0.01929849098111648
  error: 0.01929849098111648
  value: 1.733281859624689e-08
rC:
  errDn: -0.014195321591745469
  errUp: 0.014195321591745469
  error: 0.014195321591745469
  value: 0.9604446672551485
rL:
  errDn: -0.00828347951847358
  errUp: 0.00828347951847358
  error: 0.00828347951847358
  value: 0.5597750472429943
