emptyFAKE: 0
nB:
  composition: 0.1
  value: 901.6800000000002
nC:
  composition: 0.2
  value: 1803.3600000000004
nDATA:
  value: 11271.0
nFAKE:
  composition: 0.2
  value: 2254.2000000000003
nL:
  composition: 0.7
  value: 6311.76
nSIGN:
  value: 9016.800000000001
