numB:
  composition: 0
  errDn: -79.41187049198697
  errUp: 79.41187049198697
  error: 79.41187049198697
  value: 5129.889650758
numC:
  composition: 0
  errDn: -85.90218883400439
  errUp: 85.90218883400439
  error: 85.90218883400439
  value: 2921.419347101748
numL:
  composition: 0
  errDn: -68.13552423825831
  errUp: 68.13552423825831
  error: 68.13552423825831
  value: 2233.367450583164
