numFAKE:
  composition: 0
  errDn: -40.531560025437045
  errUp: 40.531560025437045
  error: 40.531560025437045
  value: 978.888276284614
numSIGN:
  composition: 0
  errDn: -104.71559679621805
  errUp: 104.71559679621805
  error: 104.71559679621805
  value: 10292.10707188497
