numB:
  composition: 0
  errDn: -120.13023687265273
  errUp: 120.13023687265273
  error: 120.13023687265273
  value: 156.2441979888031
numC:
  composition: 0
  errDn: -214.02792516230966
  errUp: 214.02792516230966
  error: 214.02792516230966
  value: 12333.604680937948
numL:
  composition: 0
  errDn: -166.9495935586765
  errUp: 166.9495935586765
  error: 166.9495935586765
  value: 18290.10283645363
