numB:
  composition: 0
  errDn: -4.5864707599987415
  errUp: 4.5864707599987415
  error: 4.5864707599987415
  value: 20.273255532604093
numC:
  composition: 0
  errDn: -13.737906948053897
  errUp: 13.737906948053897
  error: 13.737906948053897
  value: 49.68247795397004
numL:
  composition: 0
  errDn: -14.7393387330293
  errUp: 14.7393387330293
  error: 14.7393387330293
  value: 231.9581394969676
