rB:
  errDn: -0.0006526234478204419
  errUp: 0.0006526234478204419
  error: 0.0006526234478204419
  value: 1.4818246456271833e-13
rC:
  errDn: -0.0007142897799357892
  errUp: 0.0007142897799357892
  error: 0.0007142897799357892
  value: 1.9187451107127718e-14
rL:
  errDn: -0.003143702498860368
  errUp: 0.003143702498860368
  error: 0.003143702498860368
  value: 0.6578651362345588
