numB:
  composition: 0
  errDn: -20.421248394440056
  errUp: 20.421248394440056
  error: 20.421248394440056
  value: 378.77950278247897
numC:
  composition: 0
  errDn: -15.222270767756086
  errUp: 15.222270767756086
  error: 15.222270767756086
  value: 60.95042822507852
numL:
  composition: 0
  errDn: -9.041902955297578
  errUp: 9.041902955297578
  error: 9.041902955297578
  value: 36.70391736315681
