numB:
  composition: 0
  errDn: -2.3329494354570595
  errUp: 2.3329494354570595
  error: 2.3329494354570595
  value: 2.1530709265373935
numC:
  composition: 0
  errDn: -8.191260944458737
  errUp: 8.191260944458737
  error: 8.191260944458737
  value: 20.317856025914224
numL:
  composition: 0
  errDn: -11.824966713939943
  errUp: 11.824966713939943
  error: 11.824966713939943
  value: 256.79407507236624
