numB:
  composition: 0
  errDn: -9.942590547824985
  errUp: 9.942590547824985
  error: 9.942590547824985
  value: 60.924520890683304
numC:
  composition: 0
  errDn: -19.565973602997225
  errUp: 19.565973602997225
  error: 19.565973602997225
  value: 136.66150389311727
numL:
  composition: 0
  errDn: -18.66074402363691
  errUp: 18.66074402363691
  error: 18.66074402363691
  value: 287.99455889632935
