rB:
  errDn: -0.021337231706929805
  errUp: 0.021337231706929805
  error: 0.021337231706929805
  value: 0.3398843513211804
rC:
  errDn: -0.020758603795248465
  errUp: 0.020758603795248465
  error: 0.020758603795248465
  value: 0.837174822985397
rL:
  errDn: -0.010471732163657044
  errUp: 0.010471732163657044
  error: 0.010471732163657044
  value: 0.683352568216755
