nFAKE:
  composition: 0.07838404560882758
  error: 57.50779156623787
  value: 1837.008468423842
nSIGN:
  composition: 0.9216159543911724
  error: 151.98523163998289
  value: 21598.991219463645
