numB:
  composition: 0
  errDn: -70.44151240910014
  errUp: 70.44151240910014
  error: 70.44151240910014
  value: 6121.989691294438
numC:
  composition: 0
  errDn: -270.3944453287768
  errUp: 270.3944453287768
  error: 270.3944453287768
  value: 43697.175327557125
numL:
  composition: 0
  errDn: -313.8847661213222
  errUp: 313.8847661213222
  error: 313.8847661213222
  value: 140418.2287665863
