numFAKE:
  errDn: 1812.1017393074071
  errUp: 14.563557368115653
  error: 1812.1017393074071
  value: 14205.0
