numSIGN:
  errDn: 440.83811434259405
  errUp: 443.0148176079674
  error: 443.0148176079674
  value: 180275.421875
