numFAKE:
  errDn: 172.29563472811788
  errUp: 173.4541751760189
  error: 173.4541751760189
  value: 15065.9326171875
