numC:
  errDn: 205.49239239404415
  errUp: 206.77297696044116
  error: 206.77297696044116
  value: 43697.69921875
