numB:
  errDn: 63.006163628259856
  errUp: 63.36750178017701
  error: 63.36750178017701
  value: 5540.47705078125
