numSIGN:
  errDn: 444.6097440391022
  errUp: 447.0353752192459
  error: 447.0353752192459
  value: 191570.828125
