numB:
  composition: 0
  errDn: -11.895513468750906
  errUp: 11.895513468750906
  error: 11.895513468750906
  value: 127.93131404214618
numC:
  composition: 0
  errDn: -9.141048789827474
  errUp: 9.141048789827474
  error: 9.141048789827474
  value: 19.23494578978095
numL:
  composition: 0
  errDn: -6.850677672912461
  errUp: 6.850677672912461
  error: 6.850677672912461
  value: 15.191763821921555
