numB:
  composition: 0
  errDn: -10.605494640207482
  errUp: 10.605494640207482
  error: 10.605494640207482
  value: 99.6317978851824
numC:
  composition: 0
  errDn: -28.035540168062113
  errUp: 28.035540168062113
  error: 28.035540168062113
  value: 296.4898212117816
numL:
  composition: 0
  errDn: -30.169973598622278
  errUp: 30.169973598622278
  error: 30.169973598622278
  value: 1007.9644911080946
