numB:
  errDn: 9.122482907705262
  errUp: 9.490760829155235
  error: 9.490760829155235
  value: 86.46717834472656
