numC:
  errDn: 19.60624534000806
  errUp: 20.124210444783103
  error: 20.124210444783103
  value: 372.3000183105469
