numC:
  errDn: 18.819015017525032
  errUp: 19.13569955858094
  error: 19.13569955858094
  value: 279.0245361328125
