numL:
  errDn: 21.422997455269183
  errUp: 21.645248467824217
  error: 21.645248467824217
  value: 938.807373046875
