numB:
  errDn: 10.464196080183143
  errUp: 10.860315208186535
  error: 10.860315208186535
  value: 125.45327758789062
