numB:
  composition: 0
  errDn: -19.447874761023513
  errUp: 19.447874761023513
  error: 19.447874761023513
  value: 475.67776393963544
numC:
  composition: 0
  errDn: -39.57582891432696
  errUp: 39.57582891432696
  error: 39.57582891432696
  value: 999.0596402691772
numL:
  composition: 0
  errDn: -37.73466510945184
  errUp: 37.73466510945184
  error: 37.73466510945184
  value: 1656.5332001543482
