numB:
  composition: 0
  errDn: -16.32723269487602
  errUp: 16.32723269487602
  error: 16.32723269487602
  value: 23.719125640624178
numC:
  composition: 0
  errDn: -26.461289595419103
  errUp: 26.461289595419103
  error: 26.461289595419103
  value: 206.1127391662531
numL:
  composition: 0
  errDn: -18.918099530146947
  errUp: 18.918099530146947
  error: 18.918099530146947
  value: 179.07634713844715
