rB:
  errDn: -0.0010298077983118407
  errUp: 0.0010298077983118407
  error: 0.0010298077983118407
  value: 8.635699035204614e-13
rC:
  errDn: -0.008022652521439744
  errUp: 0.008022652521439744
  error: 0.008022652521439744
  value: 0.7170538696005493
rL:
  errDn: -0.005343643360645698
  errUp: 0.005343643360645698
  error: 0.005343643360645698
  value: 0.010042575218091779
