numB:
  composition: 0
  errDn: -21.172176379174374
  errUp: 21.172176379174374
  error: 21.172176379174374
  value: 344.4542891779812
numC:
  composition: 0
  errDn: -24.401050081757973
  errUp: 24.401050081757973
  error: 24.401050081757973
  value: 189.3930759954009
numL:
  composition: 0
  errDn: -21.845422965504355
  errUp: 21.845422965504355
  error: 21.845422965504355
  value: 381.2806084767448
