emptyFAKE: 0
nB:
  composition: 0.1
  value: 81.04000000000002
nC:
  composition: 0.2
  value: 162.08000000000004
nDATA:
  value: 1013.0
nFAKE:
  composition: 0.2
  value: 202.60000000000002
nL:
  composition: 0.7
  value: 567.28
nSIGN:
  value: 810.4000000000001
