numFAKE:
  composition: 0
  errDn: -12.626956018397635
  errUp: 12.626956018397635
  error: 12.626956018397635
  value: 96.74506142602682
numSIGN:
  composition: 0
  errDn: -31.23411731636446
  errUp: 31.23411731636446
  error: 31.23411731636446
  value: 916.2559645976676
