numB:
  composition: 0
  errDn: -46.04848839630051
  errUp: 46.04848839630051
  error: 46.04848839630051
  value: 1728.169634752009
numC:
  composition: 0
  errDn: -32.58567351528862
  errUp: 32.58567351528862
  error: 32.58567351528862
  value: 336.9425038343304
numL:
  composition: 0
  errDn: -25.801137438902618
  errUp: 25.801137438902618
  error: 25.801137438902618
  value: 62.12038021560601
