nFAKE:
  composition: 0.04348776308509434
  error: 20.19484328840508
  value: 226.13637978439453
nSIGN:
  composition: 0.9565122369149057
  error: 71.7272222413444
  value: 4973.8638902203875
