numB:
  composition: 0
  errDn: -40.25869468616156
  errUp: 40.25869468616156
  error: 40.25869468616156
  value: 2733.91287605527
numC:
  composition: 0
  errDn: -32.93353431901454
  errUp: 32.93353431901454
  error: 32.93353431901454
  value: 459.4185477958659
numL:
  composition: 0
  errDn: -27.489622266382597
  errUp: 27.489622266382597
  error: 27.489622266382597
  value: 100.03073474311408
