numB:
  composition: 0
  errDn: -28.044317298506655
  errUp: 28.044317298506655
  error: 28.044317298506655
  value: 502.1946695617368
numC:
  composition: 0
  errDn: -51.12282791235236
  errUp: 51.12282791235236
  error: 51.12282791235236
  value: 1130.6042594433388
numL:
  composition: 0
  errDn: -45.026315705516026
  errUp: 45.026315705516026
  error: 45.026315705516026
  value: 1486.3792439204772
