numB:
  composition: 0
  errDn: -19.604133513307623
  errUp: 19.604133513307623
  error: 19.604133513307623
  value: 52.17434162774681
numC:
  composition: 0
  errDn: -44.11826128022392
  errUp: 44.11826128022392
  error: 44.11826128022392
  value: 1177.893039030785
numL:
  composition: 0
  errDn: -36.22745649146242
  errUp: 36.22745649146242
  error: 36.22745649146242
  value: 791.3487504514126
