numB:
  composition: 0
  errDn: -13.030507058637639
  errUp: 13.030507058637639
  error: 13.030507058637639
  value: 217.23451515106336
numC:
  composition: 0
  errDn: -17.39365753024967
  errUp: 17.39365753024967
  error: 17.39365753024967
  value: 174.16871786836776
numL:
  composition: 0
  errDn: -16.466144882498398
  errUp: 16.466144882498398
  error: 16.466144882498398
  value: 236.5530279843333
