rB:
  errDn: -0.013683822169226145
  errUp: 0.013683822169226145
  error: 0.013683822169226145
  value: 0.5344571484463336
rC:
  errDn: -0.008601862340070137
  errUp: 0.008601862340070137
  error: 0.008601862340070137
  value: 0.020994805631471908
rL:
  errDn: -0.0016785003800704982
  errUp: 0.0016785003800704982
  error: 0.0016785003800704982
  value: 4.335685998592409e-12
