rB:
  errDn: -0.06950458694287187
  errUp: 0.06950458694287187
  error: 0.06950458694287187
  value: 0.10629057528458588
rC:
  errDn: -0.006151610450246869
  errUp: 0.006151610450246869
  error: 0.006151610450246869
  value: 0.04291161991857013
rL:
  errDn: -0.018471524142787455
  errUp: 0.018471524142787455
  error: 0.018471524142787455
  value: 5.266733596155957e-05
