rB:
  errDn: -0.03579537996685992
  errUp: 0.03579537996685992
  error: 0.03579537996685992
  value: 0.12907137908768748
rC:
  errDn: -0.003184403924990215
  errUp: 0.003184403924990215
  error: 0.003184403924990215
  value: 0.03958721889019202
rL:
  errDn: -0.00018136429727523808
  errUp: 0.00018136429727523808
  error: 0.00018136429727523808
  value: 9.972134261469583e-10
