nFAKE:
  composition: 0.02353195619891082
  error: 21.124983232103077
  value: 209.78820108026792
nSIGN:
  composition: 0.9764680438010892
  error: 94.39609207424292
  value: 8705.24628678683
