nB:
  composition: 0.038154670564115166
  error: 17.348111993467626
  value: 332.0471949707482
nC:
  composition: 0.20035575585773857
  error: 76.76577064579033
  value: 1743.6283879587722
nFAKE:
  error: 21.176507959650294
  value: 212.35678661120625
nL:
  composition: 0.7614895735781463
  error: 79.44080627714538
  value: 6626.986242253208
