nB:
  composition: 0.040312388148892736
  error: 5.875183940244813
  value: 38.41770227697821
nC:
  composition: 0.15757461407253123
  error: 23.459028033624037
  value: 150.16859302627356
nL:
  composition: 0.802112997778576
  error: 25.221393261743003
  value: 764.4136146768627
