rB:
  errDn: -0.009486155615074654
  errUp: 0.009486155615074654
  error: 0.009486155615074654
  value: 0.5270451167698985
rC:
  errDn: -0.004894658650151188
  errUp: 0.004894658650151188
  error: 0.004894658650151188
  value: 0.020461388441156365
rL:
  errDn: -0.0031497297627516062
  errUp: 0.0031497297627516062
  error: 0.0031497297627516062
  value: 3.9617366722269343e-10
