emptyFAKE: 0
nB:
  composition: 0.1
  value: 85.47144415523631
nC:
  composition: 0.2
  value: 170.94288831047263
nDATA:
  value: 1068.3930519404537
nFAKE:
  composition: 0.2
  value: 213.67861038809076
nL:
  composition: 0.7
  value: 598.3001090866541
nSIGN:
  value: 854.714441552363
