numC:
  errDn: 15.874901750856282
  errUp: 16.15888342742852
  error: 16.15888342742852
  value: 329.6122131347656
