numB:
  errDn: 14.891478002594397
  errUp: 15.148274579044312
  error: 15.148274579044312
  value: 409.7604675292969
