numB:
  errDn: 15.681175075777276
  errUp: 15.956716060361202
  error: 15.956716060361202
  value: 454.5437927246094
