numC:
  errDn: 15.71442560599263
  errUp: 15.988046869778316
  error: 15.988046869778316
  value: 310.0242919921875
