numL:
  errDn: 13.85997279117285
  errUp: 14.139060893983782
  error: 14.139060893983782
  value: 220.27987670898438
