numB:
  composition: 0
  errDn: -23.561179533582127
  errUp: 23.561179533582127
  error: 23.561179533582127
  value: 104.05050991898126
numC:
  composition: 0
  errDn: -54.41798685035826
  errUp: 54.41798685035826
  error: 54.41798685035826
  value: 1541.7789690561603
numL:
  composition: 0
  errDn: -43.888582226393964
  errUp: 43.888582226393964
  error: 43.888582226393964
  value: 770.8964423721626
