rB:
  errDn: -0.0435485570269608
  errUp: 0.0435485570269608
  error: 0.0435485570269608
  value: 0.1485194607089773
rC:
  errDn: -0.003846727624801625
  errUp: 0.003846727624801625
  error: 0.003846727624801625
  value: 0.03788983509948524
rL:
  errDn: -0.0001905648315728938
  errUp: 0.0001905648315728938
  error: 0.0001905648315728938
  value: 4.432952670305884e-11
