numFAKE:
  composition: 0
  errDn: -3.2116126435026793
  errUp: 3.2116126435026793
  error: 3.2116126435026793
  value: 8.530100686601964
numSIGN:
  composition: 0
  errDn: -10.840286079896195
  errUp: 10.840286079896195
  error: 10.840286079896195
  value: 120.46991807872122
