numB:
  composition: 0
  errDn: -7.335019557242589
  errUp: 7.335019557242589
  error: 7.335019557242589
  value: 41.6797358523027
numC:
  composition: 0
  errDn: -9.294766656053365
  errUp: 9.294766656053365
  error: 9.294766656053365
  value: 24.029774761268985
numL:
  composition: 0
  errDn: -8.383760402594689
  errUp: 8.383760402594689
  error: 8.383760402594689
  value: 54.49750696677247
