numB:
  errDn: 16.321199580797156
  errUp: 16.658536435165217
  error: 16.658536435165217
  value: 292.9198913574219
