numB:
  errDn: 220.32029406338705
  errUp: 1.247415793330731
  error: 220.32029406338705
  value: 337.0
