numC:
  errDn: 1.5762387529384796
  errUp: 1148.907470703125
  error: 1148.907470703125
  value: 1921.25
