numC:
  errDn: 52.067198482114236
  errUp: 52.481964700089975
  error: 52.481964700089975
  value: 1538.9383544921875
