numL:
  errDn: 84.13771033973535
  errUp: 85.24529849578539
  error: 85.24529849578539
  value: 18158.36328125
