numB:
  composition: 0
  errDn: -2.892561541726613
  errUp: 2.892561541726613
  error: 2.892561541726613
  value: 9.443934537882164
numC:
  composition: 0
  errDn: -13.291215301563419
  errUp: 13.291215301563419
  error: 13.291215301563419
  value: 50.74471140607692
numL:
  composition: 0
  errDn: -15.850474747853156
  errUp: 15.850474747853156
  error: 15.850474747853156
  value: 314.2306755044305
