numB:
  errDn: 2.0796578764334654
  errUp: 2.4594796105211714
  error: 2.4594796105211714
  value: 6.738656520843506
