numC:
  errDn: 8.975365482312213
  errUp: 9.297948717319919
  error: 9.297948717319919
  value: 49.16762924194336
