numL:
  errDn: 11.296601619247951
  errUp: 11.520313015581621
  error: 11.520313015581621
  value: 282.546875
