numB:
  errDn: 4.203896457251805
  errUp: 2.0001626637868704
  error: 4.203896457251805
  value: 11.25
