numC:
  errDn: 10.250901551435788
  errUp: 10.539347920595489
  error: 10.539347920595489
  value: 89.0146255493164
