numB:
  composition: 0
  errDn: -11.621655336488987
  errUp: 11.621655336488987
  error: 11.621655336488987
  value: 12.540007522696811
numC:
  composition: 0
  errDn: -23.82422736540851
  errUp: 23.82422736540851
  error: 23.82422736540851
  value: 75.1718272641927
numL:
  composition: 0
  errDn: -27.45924956640414
  errUp: 27.45924956640414
  error: 27.45924956640414
  value: 915.6333557402041
