nFAKE:
  composition: 0.09965771650703728
  error: 50.9217385052242
  value: 1274.424937935909
nSIGN:
  composition: 0.9003422834929626
  error: 113.34458613644438
  value: 11513.595725229858
