numB:
  composition: 0
  errDn: -16.252416986506148
  errUp: 16.252416986506148
  error: 16.252416986506148
  value: 255.95278049711402
numC:
  composition: 0
  errDn: -60.798941665440566
  errUp: 60.798941665440566
  error: 60.798941665440566
  value: 1352.348511969474
numL:
  composition: 0
  errDn: -88.33104954389728
  errUp: 88.33104954389728
  error: 88.33104954389728
  value: 14977.495016920853
