nB:
  composition: 0.04836311227100032
  error: 45.28919387396377
  value: 2223.6153959679273
nC:
  composition: 0.1658403330689493
  error: 155.25456206510216
  value: 7624.925290543905
nL:
  composition: 0.7857965546600504
  error: 169.35342712244892
  value: 36128.96761584902
