nB:
  composition: 0.03540713237477636
  error: 72.62355362863218
  value: 4164.6087920097225
nC:
  composition: 0.18335855671155246
  error: 279.12265473746083
  value: 21566.74675849029
nFAKE:
  error: 117.52235659910912
  value: 8691.375392335833
nL:
  composition: 0.7812343109136712
  error: 286.4306290746463
  value: 91889.2624630769
