nB:
  composition: 0.04774524385599277
  error: 52.767007320540415
  value: 3315.572982002423
nC:
  composition: 0.16770200523256004
  error: 184.14681230253518
  value: 11645.730394712706
nL:
  composition: 0.784552750911447
  error: 200.92567937850617
  value: 54481.69689369331
