nB:
  composition: 0.03509643613765486
  error: 85.10536792872426
  value: 6296.694129243213
nC:
  composition: 0.18973463040058725
  error: 307.5516097912441
  value: 34040.51991694158
nFAKE:
  error: 154.93521547430737
  value: 13556.282798054015
nL:
  composition: 0.7751689334617579
  error: 335.74735590047203
  value: 139073.99752374177
