nFAKE:
  composition: 0.06689518971700498
  error: 150.47029750127604
  value: 12908.62873592299
nSIGN:
  composition: 0.9331048102829951
  error: 435.67288779812225
  value: 180059.3378777
