nB:
  composition: 0.029689649818191378
  error: 15.328480555068808
  value: 201.54193911028008
nC:
  composition: 0.15740452821185
  error: 71.43865023168559
  value: 1068.5075113657088
nFAKE:
  error: 28.394255496005314
  value: 592.9611562463326
nL:
  composition: 0.8129058219699585
  error: 75.17300316409774
  value: 5518.240082895056
