nFAKE:
  composition: 0.06665529279812601
  error: 114.68596027205331
  value: 8419.436041631498
nSIGN:
  composition: 0.9333447072018739
  error: 354.02621894995536
  value: 117893.65461016152
