nFAKE:
  composition: 0.06098158124392855
  error: 61.25982342251177
  value: 2396.8227034270617
nSIGN:
  composition: 0.9390184187560715
  error: 196.13534334069482
  value: 36907.220493479945
