nB:
  composition: 0.042835951086580414
  error: 48.36778185977414
  value: 3319.2293348290978
nC:
  composition: 0.15901072728264867
  error: 175.34320128047602
  value: 12321.264198903787
nL:
  composition: 0.798153321630771
  error: 205.0790591894911
  value: 61846.506302461756
