nFAKE:
  composition: 0.06856493124715794
  error: 172.2653130828221
  value: 14711.90798670642
nSIGN:
  composition: 0.9314350687528421
  error: 470.0923116530321
  value: 199857.08113214778
