nB:
  composition: 0.03376937571162164
  error: 81.62004910410724
  value: 6734.200236302773
nC:
  composition: 0.18854204625796991
  error: 347.3782705815138
  value: 37598.55981070069
nFAKE:
  error: 175.05200092288305
  value: 15151.366622382251
nL:
  composition: 0.7776885780304085
  error: 373.03591777785914
  value: 155084.61425717166
