numB:
  composition: 0
  errDn: -83.62694968758927
  errUp: 83.62694968758927
  error: 83.62694968758927
  value: 44.0528332549183
numC:
  composition: 0
  errDn: -195.02337373373143
  errUp: 195.02337373373143
  error: 195.02337373373143
  value: 3538.9395464382524
numL:
  composition: 0
  errDn: -169.85762781018093
  errUp: 169.85762781018093
  error: 169.85762781018093
  value: 21222.199647953483
