numB:
  composition: 0
  errDn: -2.836589599392277
  errUp: 2.836589599392277
  error: 2.836589599392277
  value: 12.697209232159517
numC:
  composition: 0
  errDn: -2.225594622970294
  errUp: 2.225594622970294
  error: 2.225594622970294
  value: 3.707652054370884
numL:
  composition: 0
  errDn: -1.547873895860305
  errUp: 1.547873895860305
  error: 1.547873895860305
  value: 1.3701008948229114
