numB:
  composition: 0
  errDn: -8.709420568901152
  errUp: 8.709420568901152
  error: 8.709420568901152
  value: 87.53110370887131
numC:
  composition: 0
  errDn: -10.714823459993227
  errUp: 10.714823459993227
  error: 10.714823459993227
  value: 80.47996481704678
numL:
  composition: 0
  errDn: -10.497013675019119
  errUp: 10.497013675019119
  error: 10.497013675019119
  value: 109.11107758723814
