numL:
  errDn: 65.0532910504844
  errUp: 65.7845438121949
  error: 65.7845438121949
  value: 10787.0166015625
