numB:
  errDn: 61.223826581083344
  errUp: 2.4505401645957647
  error: 61.223826581083344
  value: 138.0
