numC:
  errDn: 43.114239562611374
  errUp: 43.592068947970006
  error: 43.592068947970006
  value: 838.9102172851562
