numB:
  errDn: 11.672256569276385
  errUp: 12.04948959927674
  error: 12.04948959927674
  value: 119.92047119140625
