numC:
  errDn: 1.0280625527229859
  errUp: 626.405029296875
  error: 626.405029296875
  value: 1047.5
