numB:
  composition: 0
  errDn: -9.939598181761667
  errUp: 9.939598181761667
  error: 9.939598181761667
  value: 60.94535293732422
numC:
  composition: 0
  errDn: -19.544009704513847
  errUp: 19.544009704513847
  error: 19.544009704513847
  value: 136.42454968957497
numL:
  composition: 0
  errDn: -18.64935287792008
  errUp: 18.64935287792008
  error: 18.64935287792008
  value: 288.20804951933184
