rB:
  errDn: -0.0023603808588464354
  errUp: 0.0023603808588464354
  error: 0.0023603808588464354
  value: 1.35142889717485e-12
rC:
  errDn: -0.0003151458745250615
  errUp: 0.0003151458745250615
  error: 0.0003151458745250615
  value: 2.931645432056179e-12
rL:
  errDn: -0.001877287721915477
  errUp: 0.001877287721915477
  error: 0.001877287721915477
  value: 0.6919712831318956
