rB:
  errDn: -0.0701363058815856
  errUp: 0.0701363058815856
  error: 0.0701363058815856
  value: 0.11524354666071633
rC:
  errDn: -0.0065655263092966425
  errUp: 0.0065655263092966425
  error: 0.0065655263092966425
  value: 0.042171102526431345
rL:
  errDn: -0.0030319392446893786
  errUp: 0.0030319392446893786
  error: 0.0030319392446893786
  value: 1.082119729109779e-11
