numB:
  composition: 0
  errDn: -17.75369202694806
  errUp: 17.75369202694806
  error: 17.75369202694806
  value: 248.8904780891402
numC:
  composition: 0
  errDn: -14.46532011556543
  errUp: 14.46532011556543
  error: 14.46532011556543
  value: 44.88208244820182
numL:
  composition: 0
  errDn: -9.581393814547766
  errUp: 9.581393814547766
  error: 9.581393814547766
  value: 21.537048088674517
