rB:
  errDn: -0.0018056250503732884
  errUp: 0.0018056250503732884
  error: 0.0018056250503732884
  value: 8.793146332591872e-13
rC:
  errDn: -0.004325819113298324
  errUp: 0.004325819113298324
  error: 0.004325819113298324
  value: 0.7180866460974095
rL:
  errDn: -0.0007354095967371972
  errUp: 0.0007354095967371972
  error: 0.0007354095967371972
  value: 1.7113486192391059e-13
