nB:
  composition: 0.033771238100465645
  error: 76.94863919216596
  value: 6734.177573072947
nC:
  composition: 0.1884626327026138
  error: 314.0004212495005
  value: 37580.52431280945
nFAKE:
  error: 175.073626276112
  value: 15163.015671979147
nL:
  composition: 0.7777661291969205
  error: 356.4832838901493
  value: 155091.004029889
