numB:
  composition: 0
  errDn: -67.21128864110096
  errUp: 67.21128864110096
  error: 67.21128864110096
  value: 3409.5327424825896
numC:
  composition: 0
  errDn: -112.39228014851369
  errUp: 112.39228014851369
  error: 112.39228014851369
  value: 8157.530605159794
numL:
  composition: 0
  errDn: -87.44131740360808
  errUp: 87.44131740360808
  error: 87.44131740360808
  value: 5376.595988307189
