nB:
  composition: 0.029865889938616698
  error: 31.218534690224146
  value: 566.9135439695106
nC:
  composition: 0.11689745078180058
  error: 122.73759183462221
  value: 2218.944362278108
nL:
  composition: 0.8532366592795828
  error: 126.34766047117591
  value: 16196.116015664196
