nB:
  composition: 0.030989979618523848
  error: 52.03362071356571
  value: 1155.2097704306855
nC:
  composition: 0.15424718147954528
  error: 198.15826087331652
  value: 5749.853768863286
nFAKE:
  error: 87.77788456868802
  value: 4221.857718981464
nL:
  composition: 0.8147628389019309
  error: 196.3061031901434
  value: 30371.817073437192
