nFAKE:
  composition: 0.09803746017666363
  error: 84.84127455326052
  value: 4068.6533519719255
nSIGN:
  composition: 0.9019625398233364
  error: 201.66999288407897
  value: 37432.35396339719
