nFAKE:
  composition: 0.02399447636318224
  error: 20.391819367529024
  value: 199.46683988283837
nSIGN:
  composition: 0.9760055236368178
  error: 91.15350160871822
  value: 8113.564745540947
