nFAKE:
  composition: 0.021655560822724143
  error: 12.771155736193485
  value: 73.9324014686697
nSIGN:
  composition: 0.9783444391772759
  error: 58.41106017824177
  value: 3340.0822284867522
