nFAKE:
  composition: 0.02364592571598718
  error: 10.056949263660744
  value: 48.30889752374873
nSIGN:
  composition: 0.9763540742840128
  error: 45.091030290127264
  value: 1994.7025753189803
