numB:
  composition: 0
  errDn: -2.972257841822607
  errUp: 2.972257841822607
  error: 2.972257841822607
  value: 10.869186936919425
numC:
  composition: 0
  errDn: -4.379488715468595
  errUp: 4.379488715468595
  error: 4.379488715468595
  value: 7.399153043878369
numL:
  composition: 0
  errDn: -4.131334903983312
  errUp: 4.131334903983312
  error: 4.131334903983312
  value: 13.536720468276863
