nB:
  composition: 0.033346727142347966
  error: 60.38463359693969
  value: 4456.605520215673
nC:
  composition: 0.1929921679231891
  error: 246.10798687341412
  value: 25792.335099435342
nFAKE:
  error: 137.732144375158
  value: 10439.194045756723
nL:
  composition: 0.7736611049344628
  error: 292.1187455136096
  value: 103395.52473347509
