emptyFAKE: 0
nB:
  composition: 0.1
  value: 2225.6800000000003
nC:
  composition: 0.2
  value: 4451.360000000001
nDATA:
  value: 27821.0
nFAKE:
  composition: 0.2
  value: 5564.200000000001
nL:
  composition: 0.7
  value: 15579.76
