numB:
  composition: 0
  errDn: -28.940183044145613
  errUp: 28.940183044145613
  error: 28.940183044145613
  value: 672.7061467522245
numC:
  composition: 0
  errDn: -142.03715901978558
  errUp: 142.03715901978558
  error: 142.03715901978558
  value: 4689.997382394252
numL:
  composition: 0
  errDn: -154.78782531286743
  errUp: 154.78782531286743
  error: 154.78782531286743
  value: 19768.436179477536
