numB:
  composition: 0
  errDn: -105.0440575840474
  errUp: 105.0440575840474
  error: 105.0440575840474
  value: 236.76416470867633
numC:
  composition: 0
  errDn: -214.87121076244966
  errUp: 214.87121076244966
  error: 214.87121076244966
  value: 10801.330622706546
numL:
  composition: 0
  errDn: -215.8054128988515
  errUp: 215.8054128988515
  error: 215.8054128988515
  value: 56433.02427667398
