numB:
  composition: 0
  errDn: -8.815377971373373
  errUp: 8.815377971373373
  error: 8.815377971373373
  value: 127.80235475868642
numC:
  composition: 0
  errDn: -7.891411268531501
  errUp: 7.891411268531501
  error: 7.891411268531501
  value: 20.183669624070536
numL:
  composition: 0
  errDn: -6.159765053931649
  errUp: 6.159765053931649
  error: 6.159765053931649
  value: 14.47290164174368
