numB:
  composition: 0
  errDn: -8.473181757017365
  errUp: 8.473181757017365
  error: 8.473181757017365
  value: 87.42007428818081
numC:
  composition: 0
  errDn: -10.592637952791307
  errUp: 10.592637952791307
  error: 10.592637952791307
  value: 80.94096935270518
numL:
  composition: 0
  errDn: -10.436651493994802
  errUp: 10.436651493994802
  error: 10.436651493994802
  value: 109.19512242231707
