numB:
  composition: 0
  errDn: -36.15955975996104
  errUp: 36.15955975996104
  error: 36.15955975996104
  value: 597.6128504026453
numC:
  composition: 0
  errDn: -136.95740054872954
  errUp: 136.95740054872954
  error: 136.95740054872954
  value: 3293.6111458123423
numL:
  composition: 0
  errDn: -157.9970055908234
  errUp: 157.9970055908234
  error: 157.9970055908234
  value: 22966.114140498874
