rB:
  errDn: -0.024207438000101784
  errUp: 0.024207438000101784
  error: 0.024207438000101784
  value: 1.585170742498393e-12
rC:
  errDn: -0.01656890506091083
  errUp: 0.01656890506091083
  error: 0.01656890506091083
  value: 0.07038768191202409
rL:
  errDn: -0.010052305603965528
  errUp: 0.010052305603965528
  error: 0.010052305603965528
  value: 0.6090692310619491
