numB:
  composition: 0
  errDn: -7.256416587870788
  errUp: 7.256416587870788
  error: 7.256416587870788
  value: 46.05292484290563
numC:
  composition: 0
  errDn: -5.974866108409029
  errUp: 5.974866108409029
  error: 5.974866108409029
  value: 9.360470204350847
numL:
  composition: 0
  errDn: -3.3831167124762045
  errUp: 3.3831167124762045
  error: 3.3831167124762045
  value: 2.9118099221093563
