rB:
  errDn: -0.02539401932349425
  errUp: 0.02539401932349425
  error: 0.02539401932349425
  value: 0.45641428038513515
rC:
  errDn: -0.02466136460783691
  errUp: 0.02466136460783691
  error: 0.02466136460783691
  value: 0.9758566999699659
rL:
  errDn: -0.023240047112094597
  errUp: 0.023240047112094597
  error: 0.023240047112094597
  value: 0.4651304681869333
