numB:
  composition: 0
  errDn: -25.95579060275719
  errUp: 25.95579060275719
  error: 25.95579060275719
  value: 477.75390362554805
numC:
  composition: 0
  errDn: -43.52599095555257
  errUp: 43.52599095555257
  error: 43.52599095555257
  value: 990.4663945563547
numL:
  composition: 0
  errDn: -40.46436931913695
  errUp: 40.46436931913695
  error: 40.46436931913695
  value: 1667.1030196416134
