numB:
  composition: 0
  errDn: -3.3385641696739237
  errUp: 3.3385641696739237
  error: 3.3385641696739237
  value: 3.7802547219862044
numC:
  composition: 0
  errDn: -9.46215798407417
  errUp: 9.46215798407417
  error: 9.46215798407417
  value: 15.862333547162677
numL:
  composition: 0
  errDn: -14.343131746422173
  errUp: 14.343131746422173
  error: 14.343131746422173
  value: 259.84929036252225
