numB:
  composition: 0
  errDn: -35.73543385068467
  errUp: 35.73543385068467
  error: 35.73543385068467
  value: 1448.3244301658722
numC:
  composition: 0
  errDn: -141.17301190109356
  errUp: 141.17301190109356
  error: 141.17301190109356
  value: 9096.789442494834
numL:
  composition: 0
  errDn: -170.75818928073932
  errUp: 170.75818928073932
  error: 170.75818928073932
  value: 40024.22936636188
