emptyFAKE: 0
nB:
  composition: 0.1
  value: 4389.4400000000005
nC:
  composition: 0.2
  value: 8778.880000000001
nDATA:
  value: 54868.0
nFAKE:
  composition: 0.2
  value: 10973.6
nL:
  composition: 0.7
  value: 30726.079999999998
nSIGN:
  value: 43894.4
