numSIGN:
  errDn: 228.20431317844486
  errUp: 229.3348267700203
  error: 229.3348267700203
  value: 47619.2734375
