numFAKE:
  errDn: 94.67416127929891
  errUp: 95.92036209669732
  error: 95.92036209669732
  value: 4186.70263671875
