numL:
  errDn: 129.8166011997091
  errUp: 130.0216407538319
  error: 130.0216407538319
  value: 37569.72265625
