numFAKE:
  errDn: 589.8970736713586
  errUp: 13.041623680063822
  error: 589.8970736713586
  value: 3871.0
