numB:
  errDn: 30.16716023169147
  errUp: 30.532422150514776
  error: 30.532422150514776
  value: 1163.113525390625
