numC:
  errDn: 103.76308408640944
  errUp: 104.14523853395258
  error: 104.14523853395258
  value: 9097.2392578125
