numSIGN:
  errDn: 229.76830797096773
  errUp: 231.20185515640333
  error: 231.20185515640333
  value: 50996.359375
