numB:
  errDn: 2.7289913548404456
  errUp: 452.2364550858017
  error: 452.2364550858017
  value: 1448.0
