numC:
  errDn: 115.82285750395386
  errUp: 116.44468517643327
  error: 116.44468517643327
  value: 12430.123046875
