numB:
  composition: 0
  errDn: -130.8324396169428
  errUp: 130.8324396169428
  error: 130.8324396169428
  value: 16609.178994041897
numC:
  composition: 0
  errDn: -462.4870004746408
  errUp: 462.4870004746408
  error: 462.4870004746408
  value: 101634.4242922092
numFAKE:
  composition: 0
  errDn: -385.55809244037664
  errUp: 385.55809244037664
  error: 385.55809244037664
  value: 125559.64072040886
numL:
  composition: 0
  errDn: -640.2239546393394
  errUp: 640.2239546393394
  error: 640.2239546393394
  value: 602074.5783172426
