emptyFAKE: 0
nB:
  composition: 0.1
  value: 52.514748615718354
nC:
  composition: 0.2
  value: 105.02949723143671
nDATA:
  value: 656.4343576964793
nFAKE:
  composition: 0.2
  value: 131.28687153929587
nL:
  composition: 0.7
  value: 367.6032403100284
nSIGN:
  value: 525.1474861571835
