numB:
  errDn: 7.073251298046834
  errUp: 2.1800473753524052
  error: 7.073251298046834
  value: 16.25
