numB:
  errDn: 2.8111578089354907
  errUp: 3.2281709249573094
  error: 3.2281709249573094
  value: 8.853744506835938
