numC:
  errDn: 3.5137439726830735
  errUp: 0.0
  error: 3.5137439726830735
  value: 115.99969482421875
