numC:
  errDn: 11.344230365760971
  errUp: 11.800754165176258
  error: 11.800754165176258
  value: 56.773773193359375
