numL:
  errDn: 14.420159726408144
  errUp: 14.64606095304896
  error: 14.64606095304896
  value: 475.17138671875
