nFAKE:
  composition: 0.0956211727431264
  error: 66.2224587526789
  value: 3057.395474612542
nSIGN:
  composition: 0.9043788272568736
  error: 172.86662246441665
  value: 28916.647374933233
