numB:
  composition: 0
  errDn: -10.29858438035754
  errUp: 10.29858438035754
  error: 10.29858438035754
  value: 177.01527229766455
numC:
  composition: 0
  errDn: -8.787655626610437
  errUp: 8.787655626610437
  error: 8.787655626610437
  value: 47.50306287984602
numL:
  composition: 0
  errDn: -6.161373744419058
  errUp: 6.161373744419058
  error: 6.161373744419058
  value: 17.430305475628025
