nB:
  composition: 0.0
  error: 0.19580710361000303
  value: 0.0
nC:
  composition: 1.4773635141006945e-13
  error: 1.2867261804095378
  value: 7.875715054075916e-13
nFAKE:
  error: 0.6341245986849913
  value: 0.6699859429169424
nL:
  composition: 0.9999999999998522
  error: 1.1676800735647623
  value: 5.330925651611806
