nFAKE:
  composition: 0.16666738464771472
  error: 0.9669989899178053
  value: 1.000000004875737
nSIGN:
  composition: 0.8333326153522852
  error: 1.8815807608434616
  value: 4.9999741771721755
