nB:
  composition: 0.17216499818459913
  error: 0.43033365860472184
  value: 0.34429175777054605
nC:
  composition: 1.33491766887737e-10
  error: 1.6590180814321478
  value: 2.6695388467053854e-10
nL:
  composition: 0.8278350016819092
  error: 1.499090667865652
  value: 1.6554861375913714
