numB:
  composition: 0
  errDn: -14.78948904691888
  errUp: 14.78948904691888
  error: 14.78948904691888
  value: 123.26905665219074
numC:
  composition: 0
  errDn: -30.368149900158087
  errUp: 30.368149900158087
  error: 30.368149900158087
  value: 270.77239655534345
numL:
  composition: 0
  errDn: -28.514143520099935
  errUp: 28.514143520099935
  error: 28.514143520099935
  value: 627.2649541462682
