numB:
  composition: 0
  errDn: -63.083965750293146
  errUp: 63.083965750293146
  error: 63.083965750293146
  value: 2976.6745056243103
numC:
  composition: 0
  errDn: -104.23252637246924
  errUp: 104.23252637246924
  error: 104.23252637246924
  value: 6726.334036659569
numL:
  composition: 0
  errDn: -83.66084542662338
  errUp: 83.66084542662338
  error: 83.66084542662338
  value: 5362.835327299775
