numB:
  composition: 0
  errDn: -0.644804820586301
  errUp: 0.644804820586301
  error: 0.644804820586301
  value: 0.5479416755813169
numC:
  composition: 0
  errDn: -1.7356347461572297
  errUp: 1.7356347461572297
  error: 1.7356347461572297
  value: 1.3043731426664582
numL:
  composition: 0
  errDn: -2.5927854638643018
  errUp: 2.5927854638643018
  error: 2.5927854638643018
  value: 11.824485169194595
