numC:
  errDn: 0.5149439923892684
  errUp: 0.747499942779541
  error: 0.747499942779541
  value: 1.25
