nFAKE:
  composition: 0.04301570013751197
  error: 3.8327526082280627
  value: 9.162342104335279
nSIGN:
  composition: 0.9569842998624881
  error: 14.201855672908437
  value: 203.83761082088125
