emptyFAKE: 0
nB:
  composition: 0.1
  value: 303.40484859009683
nC:
  composition: 0.2
  value: 606.8096971801937
nDATA:
  value: 3792.5606073762096
nFAKE:
  composition: 0.2
  value: 758.512121475242
nL:
  composition: 0.7
  value: 2123.8339401306775
nSIGN:
  value: 3034.048485900968
