numB:
  composition: 0
  errDn: -135.49895404926437
  errUp: 135.49895404926437
  error: 135.49895404926437
  value: 4.688717705822591
numC:
  composition: 0
  errDn: -92.98772472056373
  errUp: 92.98772472056373
  error: 92.98772472056373
  value: 1851.6392941492327
numL:
  composition: 0
  errDn: -80.94246025077791
  errUp: 80.94246025077791
  error: 80.94246025077791
  value: 4981.109037785445
