numB:
  composition: 0
  errDn: -17.01561953118366
  errUp: 17.01561953118366
  error: 17.01561953118366
  value: 173.35853852550434
numC:
  composition: 0
  errDn: -63.64320725845732
  errUp: 63.64320725845732
  error: 63.64320725845732
  value: 922.7172033347338
numL:
  composition: 0
  errDn: -77.6070045926881
  errUp: 77.6070045926881
  error: 77.6070045926881
  value: 6680.346591835001
