numB:
  composition: 0
  errDn: -16.18586118589905
  errUp: 16.18586118589905
  error: 16.18586118589905
  value: 123.19098245297313
numC:
  composition: 0
  errDn: -62.56824553839931
  errUp: 62.56824553839931
  error: 62.56824553839931
  value: 672.9970257161782
numL:
  composition: 0
  errDn: -72.27995116535885
  errUp: 72.27995116535885
  error: 72.27995116535885
  value: 4761.707280946194
