nFAKE:
  composition: 0.04818963434078016
  error: 29.796934774280885
  value: 556.4939438628727
nSIGN:
  composition: 0.9518103656592197
  error: 106.34271876960611
  value: 10991.507020982452
