nFAKE:
  composition: 0.05950456113545588
  error: 24.954753168163478
  value: 391.89748725834596
nSIGN:
  composition: 0.9404954388645441
  error: 80.12092948528652
  value: 6194.110035194135
