nFAKE:
  composition: 0.0553912658217216
  error: 53.974281378591854
  value: 1890.8364651783613
nSIGN:
  composition: 0.9446087341782784
  error: 183.15800374476567
  value: 32245.167417890018
