numB:
  composition: 0
  errDn: -50.48532372604052
  errUp: 50.48532372604052
  error: 50.48532372604052
  value: 1858.8195322477836
numC:
  composition: 0
  errDn: -88.62454729699357
  errUp: 88.62454729699357
  error: 88.62454729699357
  value: 4388.383994893948
numL:
  composition: 0
  errDn: -73.19045299866184
  errUp: 73.19045299866184
  error: 73.19045299866184
  value: 4067.3826701487624
