numB:
  composition: 0
  errDn: -132.52978646537701
  errUp: 132.52978646537701
  error: 132.52978646537701
  value: 2.223912551472449e-05
numC:
  composition: 0
  errDn: -42.9955643458257
  errUp: 42.9955643458257
  error: 42.9955643458257
  value: 848.2783912563021
numL:
  composition: 0
  errDn: -55.62573312907762
  errUp: 55.62573312907762
  error: 55.62573312907762
  value: 3235.3399059893654
