numB:
  composition: 0
  errDn: -64.73928095580277
  errUp: 64.73928095580277
  error: 64.73928095580277
  value: 2303.9470059836117
numC:
  composition: 0
  errDn: -218.15875239426896
  errUp: 218.15875239426896
  error: 218.15875239426896
  value: 13849.960774902102
numL:
  composition: 0
  errDn: -252.61784777675348
  errUp: 252.61784777675348
  error: 252.61784777675348
  value: 70073.7832699975
