numB:
  errDn: 63.95183859731878
  errUp: 64.31443137090628
  error: 64.31443137090628
  value: 5529.3798828125
