numB:
  composition: 0
  errDn: -7.228498687894053
  errUp: 7.228498687894053
  error: 7.228498687894053
  value: 62.69867277019606
numC:
  composition: 0
  errDn: -31.14892493208788
  errUp: 31.14892493208788
  error: 31.14892493208788
  value: 337.2779930959647
numL:
  composition: 0
  errDn: -43.52734829122278
  errUp: 43.52734829122278
  error: 43.52734829122278
  value: 3516.6823963017596
