rB:
  errDn: -0.009902385122912583
  errUp: 0.009902385122912583
  error: 0.009902385122912583
  value: 0.5326692781938435
rC:
  errDn: -0.005118920772476115
  errUp: 0.005118920772476115
  error: 0.005118920772476115
  value: 0.022499568768215565
rL:
  errDn: -0.002058470759351052
  errUp: 0.002058470759351052
  error: 0.002058470759351052
  value: 1.561964399038237e-05
