numB:
  composition: 0
  errDn: -3.245229252465754
  errUp: 3.245229252465754
  error: 3.245229252465754
  value: 13.141241429523383
numC:
  composition: 0
  errDn: -2.273328715735798
  errUp: 2.273328715735798
  error: 2.273328715735798
  value: 2.074968115683692
numL:
  composition: 0
  errDn: -1.7268422373321235
  errUp: 1.7268422373321235
  error: 1.7268422373321235
  value: 2.4725898128033412
