numB:
  composition: 0
  errDn: -33.5965726749738
  errUp: 33.5965726749738
  error: 33.5965726749738
  value: 1268.5955705028853
numC:
  composition: 0
  errDn: -136.72774455899298
  errUp: 136.72774455899298
  error: 136.72774455899298
  value: 8227.179469936815
numL:
  composition: 0
  errDn: -158.78588810437213
  errUp: 158.78588810437213
  error: 158.78588810437213
  value: 35449.35451348356
