numFAKE:
  composition: 0
  errDn: -80.73220610276076
  errUp: 80.73220610276076
  error: 80.73220610276076
  value: 3906.898450592295
numSIGN:
  composition: 0
  errDn: -218.0341823553099
  errUp: 218.0341823553099
  error: 218.0341823553099
  value: 44911.10119381332
