nFAKE:
  composition: 0.09806566644394628
  error: 84.4984062223441
  value: 4069.8239216979186
nSIGN:
  composition: 0.9019343335560537
  error: 200.72725339087629
  value: 37431.183202178654
