nFAKE:
  composition: 0.10360085229261545
  error: 38.847631719273465
  value: 881.0216396980181
nSIGN:
  composition: 0.8963991477073845
  error: 89.3516619354582
  value: 7622.978281167655
