numB:
  composition: 0
  errDn: -17.544431048059323
  errUp: 17.544431048059323
  error: 17.544431048059323
  value: 456.0478819610407
numC:
  composition: 0
  errDn: -24.03359346402803
  errUp: 24.03359346402803
  error: 24.03359346402803
  value: 306.26729501960125
numL:
  composition: 0
  errDn: -19.754847523560798
  errUp: 19.754847523560798
  error: 19.754847523560798
  value: 208.64599156141662
