numB:
  composition: 0
  errDn: -0.3598082164942309
  errUp: 0.3598082164942309
  error: 0.3598082164942309
  value: 0.3348802854103497
numC:
  composition: 0
  errDn: -0.19573624251157404
  errUp: 0.19573624251157404
  error: 0.19573624251157404
  value: 0.07911141927119897
numL:
  composition: 0
  errDn: -0.3763834611600599
  errUp: 0.3763834611600599
  error: 0.3763834611600599
  value: 0.42034089736346897
