emptyFAKE: 1
nB:
  composition: 0.1
  value: 0.022335478070680915
nC:
  composition: 0.2
  value: 0.04467095614136183
nDATA:
  value: 0.2791934758835114
nFAKE:
  composition: 0.2
  value: 0.055838695176702285
nL:
  composition: 0.7
  value: 0.1563483464947664
nSIGN:
  value: 0.22335478070680914
