rB:
  errDn: -0.010306594040477624
  errUp: 0.010306594040477624
  error: 0.010306594040477624
  value: 0.5198344240605458
rC:
  errDn: -0.005328525578086763
  errUp: 0.005328525578086763
  error: 0.005328525578086763
  value: 0.02591496819468883
rL:
  errDn: -0.0011544343824189751
  errUp: 0.0011544343824189751
  error: 0.0011544343824189751
  value: 1.4434589644981947e-09
