rB:
  errDn: -0.015573011070695027
  errUp: 0.015573011070695027
  error: 0.015573011070695027
  value: 0.026079634559743076
rC:
  errDn: -0.01462831860295772
  errUp: 0.01462831860295772
  error: 0.01462831860295772
  value: 0.06893597482153871
rL:
  errDn: -0.013953672791390592
  errUp: 0.013953672791390592
  error: 0.013953672791390592
  value: 0.5397266311717867
