numB:
  composition: 0
  errDn: -17.880537161848764
  errUp: 17.880537161848764
  error: 17.880537161848764
  value: 453.01381091270713
numC:
  composition: 0
  errDn: -21.066943107729912
  errUp: 21.066943107729912
  error: 21.066943107729912
  value: 250.1113412788236
numL:
  composition: 0
  errDn: -15.879304993277572
  errUp: 15.879304993277572
  error: 15.879304993277572
  value: 184.04941811974427
