numB:
  composition: 0
  errDn: -19.610350622961864
  errUp: 19.610350622961864
  error: 19.610350622961864
  value: 36.788091406968206
numC:
  composition: 0
  errDn: -31.788568922279666
  errUp: 31.788568922279666
  error: 31.788568922279666
  value: 335.498740825762
numL:
  composition: 0
  errDn: -23.033868538424016
  errUp: 23.033868538424016
  error: 23.033868538424016
  value: 239.23930795237771
