nFAKE:
  composition: 0.06945485712777319
  error: 48.41472674615335
  value: 1035.9887362483028
nSIGN:
  composition: 0.9305451428722269
  error: 123.04368544514728
  value: 13880.01252112147
