nFAKE:
  composition: 0.08463900629250432
  error: 39.77948020077088
  value: 701.7418954968313
nSIGN:
  composition: 0.9153609937074957
  error: 91.91433245161488
  value: 7589.256855973364
