nB:
  composition: 0.0198746591082136
  error: 22.41344311891379
  value: 385.37592192363235
nC:
  composition: 0.12354866328793414
  error: 104.1734021746829
  value: 2395.647631377142
nFAKE:
  error: 50.068230239201625
  value: 1289.934634137329
nL:
  composition: 0.8565766776038524
  error: 118.15027923417074
  value: 16609.29251830259
