nFAKE:
  composition: 0.06019158629193134
  error: 49.46761896070598
  value: 1244.8222342630497
nSIGN:
  composition: 0.9398084137080687
  error: 143.358980886911
  value: 19436.17839970625
