rB:
  errDn: -0.031199095463552762
  errUp: 0.031199095463552762
  error: 0.031199095463552762
  value: 0.34983952529571766
rC:
  errDn: -0.02894037905427793
  errUp: 0.02894037905427793
  error: 0.02894037905427793
  value: 0.8276966304058709
rL:
  errDn: -0.011557405850856295
  errUp: 0.011557405850856295
  error: 0.011557405850856295
  value: 0.6861830030643172
