rB:
  errDn: -0.007641077222634816
  errUp: 0.007641077222634816
  error: 0.007641077222634816
  value: 7.827977632421379e-14
rC:
  errDn: -0.003668431584417209
  errUp: 0.003668431584417209
  error: 0.003668431584417209
  value: 0.7415994446795736
rL:
  errDn: -0.00031219461685375526
  errUp: 0.00031219461685375526
  error: 0.00031219461685375526
  value: 5.292765466353988e-13
