numB:
  composition: 0
  errDn: -9.634178039720233
  errUp: 9.634178039720233
  error: 9.634178039720233
  value: 92.65837739353707
numC:
  composition: 0
  errDn: -41.79292697444973
  errUp: 41.79292697444973
  error: 41.79292697444973
  value: 376.14010113529605
numL:
  composition: 0
  errDn: -50.20770414100889
  errUp: 50.20770414100889
  error: 50.20770414100889
  value: 3561.9453495232724
