numB:
  composition: 0
  errDn: -12.901487632633973
  errUp: 12.901487632633973
  error: 12.901487632633973
  value: 19.94075425534123
numC:
  composition: 0
  errDn: -21.00792212469578
  errUp: 21.00792212469578
  error: 21.00792212469578
  value: 194.2948545809886
numL:
  composition: 0
  errDn: -19.085622285222513
  errUp: 19.085622285222513
  error: 19.085622285222513
  value: 239.56985247690065
