nB:
  composition: 0.03211319029589466
  error: 30.301946786263784
  value: 895.477957293114
nC:
  composition: 0.10127396123473822
  error: 129.95377327552092
  value: 2824.029599608451
nL:
  composition: 0.8666128484693671
  error: 145.5553292832774
  value: 24165.543695934924
