nB:
  composition: 0.030295266417760574
  error: 42.68216705085945
  value: 1783.4913981016457
nC:
  composition: 0.1516097614561322
  error: 192.75675855893405
  value: 8925.312017283846
nFAKE:
  error: 105.20977301643097
  value: 6069.448264613593
nL:
  composition: 0.8180949721261073
  error: 216.5995082610243
  value: 48161.49577617651
