nFAKE:
  composition: 0.091820031804601
  error: 111.19152232225315
  value: 5963.251905089935
nSIGN:
  composition: 0.908179968195399
  error: 255.3120277978669
  value: 58981.74743644942
