numB:
  composition: 0
  errDn: -41.86999929084209
  errUp: 41.86999929084209
  error: 41.86999929084209
  value: 2371.1328928997127
numC:
  composition: 0
  errDn: -149.0820715470636
  errUp: 149.0820715470636
  error: 149.0820715470636
  value: 13337.720079318284
numL:
  composition: 0
  errDn: -195.27952125169395
  errUp: 195.27952125169395
  error: 195.27952125169395
  value: 70418.06665152874
