numB:
  composition: 0
  errDn: -22.370393362189642
  errUp: 22.370393362189642
  error: 22.370393362189642
  value: 37.26560169948764
numC:
  composition: 0
  errDn: -47.30874554745333
  errUp: 47.30874554745333
  error: 47.30874554745333
  value: 574.5833199300761
numL:
  composition: 0
  errDn: -57.918314088598436
  errUp: 57.918314088598436
  error: 57.918314088598436
  value: 3354.1689570252943
