rB:
  errDn: -0.0006029149841510667
  errUp: 0.0006029149841510667
  error: 0.0006029149841510667
  value: 4.78371140442968e-14
rC:
  errDn: -0.0006135927779336485
  errUp: 0.0006135927779336485
  error: 0.0006135927779336485
  value: 3.9873188301467466e-13
rL:
  errDn: -0.003156977233722935
  errUp: 0.003156977233722935
  error: 0.003156977233722935
  value: 0.6578651394710574
