numC:
  errDn: 29.042016784832413
  errUp: 29.406243508515274
  error: 29.406243508515274
  value: 347.32916259765625
