numB:
  errDn: 64.40475304257973
  errUp: 1.3832065838134184
  error: 64.40475304257973
  value: 115.0
