numL:
  errDn: 37.52561188360551
  errUp: 37.812097258171434
  error: 37.812097258171434
  value: 3246.812255859375
