numC:
  errDn: 4.181931818098292
  errUp: 0.0
  error: 4.181931818098292
  value: 750.0
