numB:
  errDn: 2.4423255920410156
  errUp: 7.589497111963567
  error: 7.589497111963567
  value: 60.0285758972168
