nB:
  composition: 0.06129083410425019
  error: 63.92212813891729
  value: 1783.845530036526
nC:
  composition: 0.10599452280839128
  error: 185.3978639418906
  value: 3084.9287415227373
nFAKE:
  error: 49.79350377947503
  value: 4564.465226335281
nL:
  composition: 0.8327146430873584
  error: 166.91326128592482
  value: 24235.830945631376
