nFAKE:
  composition: 0.06528409307316276
  error: 127.21548988338282
  value: 7691.056174550699
nSIGN:
  composition: 0.9347159069268373
  error: 343.10855338962574
  value: 110117.98141032415
