nB:
  composition: 0.08510542825150746
  error: 34.59177591536536
  value: 1419.047295991841
nC:
  composition: 0.1566347186866055
  error: 89.59070424337187
  value: 2611.7261680865013
nL:
  composition: 0.7582598530618869
  error: 94.58155580332095
  value: 12643.219313423551
