nB:
  composition: 0.014134014809865727
  error: 76.62665737423765
  value: 1562.639441705466
nC:
  composition: 0.14607669810775734
  error: 237.53152363214213
  value: 16150.061610091969
nFAKE:
  error: 106.32055700100818
  value: 7249.757280342224
nL:
  composition: 0.8397892870823769
  error: 244.4414451261473
  value: 92846.07950181591
