nB:
  composition: 0.040902273720268945
  error: 39.85472801592664
  value: 1701.7705305650356
nC:
  composition: 0.1689270902820369
  error: 156.49397690189653
  value: 7028.341407671245
nL:
  composition: 0.7901706359976942
  error: 165.61090319391406
  value: 32875.656538192714
