nFAKE:
  composition: 0.15747966390582016
  error: 151.3184963094236
  value: 13331.440506441628
nSIGN:
  composition: 0.8425203360941798
  error: 287.124405133698
  value: 71323.55668998635
