nB:
  composition: 0.0333523586554954
  error: 13.780652636605723
  value: 222.04346714612763
nC:
  composition: 0.162580106764249
  error: 58.271272869820905
  value: 1082.3777402913406
nFAKE:
  error: 25.557295410271564
  value: 337.47634193029927
nL:
  composition: 0.8040675345802556
  error: 64.01243080501445
  value: 5353.082972092036
