nFAKE:
  composition: 0.047809568260593814
  error: 25.889449017393474
  value: 334.4278150674615
nSIGN:
  composition: 0.9521904317394061
  error: 83.65473655833966
  value: 6660.569781325971
