nB:
  composition: 0.03407229324267837
  error: 9.74540770468208
  value: 86.09984825515224
nC:
  composition: 0.14843282875024505
  error: 42.227139944301996
  value: 375.08611294384593
nL:
  composition: 0.8174948780070767
  error: 44.220175130144185
  value: 2065.7894801635766
