nFAKE:
  composition: 0.05320466489142819
  error: 49.62539788091897
  value: 1366.5620210181723
nSIGN:
  composition: 0.9467953351085717
  error: 159.11989628990887
  value: 24318.441799734006
