numB:
  composition: 0
  errDn: -33.290235593455826
  errUp: 33.290235593455826
  error: 33.290235593455826
  value: 123.7667667059279
numC:
  composition: 0
  errDn: -60.7689612065285
  errUp: 60.7689612065285
  error: 60.7689612065285
  value: 1536.523549253866
numL:
  composition: 0
  errDn: -47.62069602370883
  errUp: 47.62069602370883
  error: 47.62069602370883
  value: 755.5612023031217
