nFAKE:
  composition: 2.0591264644595312e-08
  error: 5.588177160992528
  value: 2.3471298413087487e-06
nSIGN:
  composition: 0.9999999794087354
  error: 65.86713009506927
  value: 113.98667510178592
