nB:
  composition: 0.05389798587082528
  error: 2.19483310195893
  value: 6.1178005157282405
nC:
  composition: 0.11208724090588335
  error: 8.219357414441523
  value: 12.722690266460395
nFAKE:
  error: 14.148260463054232
  value: 0.497606044947466
nL:
  composition: 0.8340147732232914
  error: 9.73763634858998
  value: 94.66654323556632
