emptyFAKE: 0
nB:
  composition: 0.1
  value: 5.072506141753436
nC:
  composition: 0.2
  value: 10.145012283506873
nDATA:
  value: 63.406326771917946
nFAKE:
  composition: 0.2
  value: 12.68126535438359
nL:
  composition: 0.7
  value: 35.507542992274054
nSIGN:
  value: 50.72506141753436
