numB:
  composition: 0
  errDn: -4.068588847794338
  errUp: 4.068588847794338
  error: 4.068588847794338
  value: 20.980131196885345
numC:
  composition: 0
  errDn: -5.62563376943532
  errUp: 5.62563376943532
  error: 5.62563376943532
  value: 12.888501209944064
numL:
  composition: 0
  errDn: -5.2128062392582315
  errUp: 5.2128062392582315
  error: 5.2128062392582315
  value: 23.497747095471638
