numL:
  errDn: 3.678633968059547
  errUp: 3.9252275791076663
  error: 3.9252275791076663
  value: 21.4927921295166
