numB:
  errDn: 3.2303199551720656
  errUp: 3.5083864331408066
  error: 3.5083864331408066
  value: 19.025407791137695
