numB:
  errDn: 3.3246630548065035
  errUp: 3.613040239649145
  error: 3.613040239649145
  value: 19.34021759033203
