numC:
  errDn: 3.734079942286712
  errUp: 4.000337399736058
  error: 4.000337399736058
  value: 14.348713874816895
