numC:
  errDn: 3.727184053566063
  errUp: 4.0244842127547
  error: 4.0244842127547
  value: 17.701322555541992
