numB:
  composition: 0
  errDn: -22.47015597710379
  errUp: 22.47015597710379
  error: 22.47015597710379
  value: 26.75961274803857
numC:
  composition: 0
  errDn: -49.810532324672636
  errUp: 49.810532324672636
  error: 49.810532324672636
  value: 293.60692721510634
numL:
  composition: 0
  errDn: -53.043540549788304
  errUp: 53.043540549788304
  error: 53.043540549788304
  value: 3136.0401932915292
