numB:
  composition: 0
  errDn: -54.25018170831777
  errUp: 54.25018170831777
  error: 54.25018170831777
  value: 1857.5160884211252
numC:
  composition: 0
  errDn: -93.9766341768318
  errUp: 93.9766341768318
  error: 93.9766341768318
  value: 4388.754984500514
numL:
  composition: 0
  errDn: -77.76175729233046
  errUp: 77.76175729233046
  error: 77.76175729233046
  value: 4064.540636333248
