numB:
  composition: 0
  errDn: -3.5004715659238475
  errUp: 3.5004715659238475
  error: 3.5004715659238475
  value: 16.563361998439408
numC:
  composition: 0
  errDn: -4.857571671386338
  errUp: 4.857571671386338
  error: 4.857571671386338
  value: 14.905149375811229
numL:
  composition: 0
  errDn: -4.623729638715316
  errUp: 4.623729638715316
  error: 4.623729638715316
  value: 23.83536162389243
