numB:
  composition: 0
  errDn: -42.5182964606678
  errUp: 42.5182964606678
  error: 42.5182964606678
  value: 262.8445885211266
numC:
  composition: 0
  errDn: -96.04145285854656
  errUp: 96.04145285854656
  error: 96.04145285854656
  value: 4941.371328166688
numL:
  composition: 0
  errDn: -72.12093585563423
  errUp: 72.12093585563423
  error: 72.12093585563423
  value: 1923.172289572393
