nB:
  composition: 0.04442891877402917
  error: 10.636015788212575
  value: 92.98978862834657
nC:
  composition: 0.1507914198485202
  error: 39.72444087659807
  value: 315.60665092932044
nL:
  composition: 0.8047796613774505
  error: 40.39716125218797
  value: 1684.4049476987686
