nB:
  composition: 0.01871657640548658
  error: 27.51784697525673
  value: 362.66825074933865
nC:
  composition: 0.11415334465406488
  error: 122.74835236367812
  value: 2211.931975483515
nFAKE:
  error: 53.13007401908612
  value: 1303.275707002533
nL:
  composition: 0.8671300789404485
  error: 133.31566684691825
  value: 16802.247488449946
