nB:
  composition: 0.0496082493158141
  error: 18.046914013420178
  value: 344.23122012556894
nC:
  composition: 0.13731701416686726
  error: 58.39715298569109
  value: 952.8415935369931
nL:
  composition: 0.8130747365173187
  error: 63.70061255007113
  value: 5641.918682169867
