nFAKE:
  composition: 0.07835425544458463
  error: 75.29827912520477
  value: 3052.3708536115914
nSIGN:
  composition: 0.9216457445554155
  error: 197.6127205655357
  value: 35903.660778522986
