nB:
  composition: 0.0309350677225127
  error: 36.404458261631476
  value: 1107.0354139737744
nC:
  composition: 0.1436947885552878
  error: 119.96836487598239
  value: 5142.2295616444235
nFAKE:
  error: 78.22126042500736
  value: 3169.771882472013
nL:
  composition: 0.8253701437221995
  error: 141.21499068647972
  value: 29536.511344765935
