numB:
  composition: 0
  errDn: -5.987806749425772
  errUp: 5.987806749425772
  error: 5.987806749425772
  value: 1.2809702720282146
numC:
  composition: 0
  errDn: -10.949977702723288
  errUp: 10.949977702723288
  error: 10.949977702723288
  value: 27.388919441684777
numL:
  composition: 0
  errDn: -11.951079898291468
  errUp: 11.951079898291468
  error: 11.951079898291468
  value: 151.8677402064551
