emptyFAKE: 0
nB:
  composition: 0.1
  value: 455.0394837095327
nC:
  composition: 0.2
  value: 910.0789674190654
nDATA:
  value: 5687.993546369158
nFAKE:
  composition: 0.2
  value: 1137.5987092738317
nL:
  composition: 0.7
  value: 3185.2763859667284
nSIGN:
  value: 4550.394837095327
