numL:
  errDn: 38.58028466684391
  errUp: 38.7677361545575
  error: 38.7677361545575
  value: 2207.1005859375
