numB:
  errDn: 24.437790013935455
  errUp: 24.670001910109477
  error: 24.670001910109477
  value: 894.1239624023438
