numB:
  errDn: 21.083476048157422
  errUp: 21.423579930486085
  error: 21.423579930486085
  value: 583.9682006835938
