numC:
  errDn: 39.24324973892908
  errUp: 39.23772175743966
  error: 39.24324973892908
  value: 1745.8753662109375
