rB:
  errDn: -0.01385192578001343
  errUp: 0.01385192578001343
  error: 0.01385192578001343
  value: 0.5431468565402202
rC:
  errDn: -0.008605555879752211
  errUp: 0.008605555879752211
  error: 0.008605555879752211
  value: 0.010308208978050178
rL:
  errDn: -0.0009261729813304264
  errUp: 0.0009261729813304264
  error: 0.0009261729813304264
  value: 1.0744389319222725e-14
