numB:
  composition: 0
  errDn: -16.49438972075464
  errUp: 16.49438972075464
  error: 16.49438972075464
  value: 28.603616993758298
numC:
  composition: 0
  errDn: -38.74837826403487
  errUp: 38.74837826403487
  error: 38.74837826403487
  value: 228.43832114812932
numL:
  composition: 0
  errDn: -34.963418947997866
  errUp: 34.963418947997866
  error: 34.963418947997866
  value: 1338.457158091697
