numB:
  composition: 0
  errDn: -15.453133594053512
  errUp: 15.453133594053512
  error: 15.453133594053512
  value: 256.9605567402758
numC:
  composition: 0
  errDn: -60.399513844440435
  errUp: 60.399513844440435
  error: 60.399513844440435
  value: 1350.8391696752649
numL:
  composition: 0
  errDn: -88.81658321040777
  errUp: 88.81658321040777
  error: 88.81658321040777
  value: 14979.097573082123
