numB:
  composition: 0
  errDn: -1.7229878248108035
  errUp: 1.7229878248108035
  error: 1.7229878248108035
  value: 1.1598760610020982
numC:
  composition: 0
  errDn: -5.457954743588993
  errUp: 5.457954743588993
  error: 5.457954743588993
  value: 12.036403362819897
numL:
  composition: 0
  errDn: -7.9200185381559365
  errUp: 7.9200185381559365
  error: 7.9200185381559365
  value: 120.97995374854253
