numB:
  composition: 0
  errDn: -27.75417873229099
  errUp: 27.75417873229099
  error: 27.75417873229099
  value: 37.7693200852348
numC:
  composition: 0
  errDn: -59.97719335659298
  errUp: 59.97719335659298
  error: 59.97719335659298
  value: 661.9003069869078
numL:
  composition: 0
  errDn: -58.10157425094849
  errUp: 58.10157425094849
  error: 58.10157425094849
  value: 4529.624435832575
