numB:
  composition: 0
  errDn: -6.894942330192116
  errUp: 6.894942330192116
  error: 6.894942330192116
  value: 59.84238212084812
numC:
  composition: 0
  errDn: -16.90187903151356
  errUp: 16.90187903151356
  error: 16.90187903151356
  value: 141.90346575951793
numL:
  composition: 0
  errDn: -16.567381668393153
  errUp: 16.567381668393153
  error: 16.567381668393153
  value: 283.9395037715571
