numB:
  composition: 0
  errDn: -26.332214333748
  errUp: 26.332214333748
  error: 26.332214333748
  value: 502.0812253173885
numC:
  composition: 0
  errDn: -48.76275011827556
  errUp: 48.76275011827556
  error: 48.76275011827556
  value: 1131.564411936568
numL:
  composition: 0
  errDn: -42.90880095180887
  errUp: 42.90880095180887
  error: 42.90880095180887
  value: 1485.8486709877368
