rB:
  errDn: -0.000973201760522563
  errUp: 0.000973201760522563
  error: 0.000973201760522563
  value: 1.9401581036193605e-13
rC:
  errDn: -0.008312341476496232
  errUp: 0.008312341476496232
  error: 0.008312341476496232
  value: 0.7266248930881478
rL:
  errDn: -0.005543882808596097
  errUp: 0.005543882808596097
  error: 0.005543882808596097
  value: 0.009957684493092906
