numB:
  composition: 0
  errDn: -2.9334397536577392
  errUp: 2.9334397536577392
  error: 2.9334397536577392
  value: 9.339106607524092
numC:
  composition: 0
  errDn: -12.709480747575405
  errUp: 12.709480747575405
  error: 12.709480747575405
  value: 56.442613629379935
numL:
  composition: 0
  errDn: -16.80267011011165
  errUp: 16.80267011011165
  error: 16.80267011011165
  value: 462.1231244639368
