numB:
  composition: 0
  errDn: -4.9163543534047225
  errUp: 4.9163543534047225
  error: 4.9163543534047225
  value: 23.832105118841717
numC:
  composition: 0
  errDn: -13.865773094286688
  errUp: 13.865773094286688
  error: 13.865773094286688
  value: 50.197255049742694
numL:
  composition: 0
  errDn: -14.29589303843143
  errUp: 14.29589303843143
  error: 14.29589303843143
  value: 209.60346145764058
