emptyFAKE: 0
nB:
  composition: 0.1
  value: 24.99311994028561
nC:
  composition: 0.2
  value: 49.98623988057122
nDATA:
  value: 312.41399925357007
nFAKE:
  composition: 0.2
  value: 62.48279985071402
nL:
  composition: 0.7
  value: 174.95183958199922
nSIGN:
  value: 249.93119940285607
