numB:
  errDn: 4.3941979445557955
  errUp: 4.741104619348153
  error: 4.741104619348153
  value: 26.88295555114746
