numC:
  errDn: 8.932413809931674
  errUp: 9.215666621799159
  error: 9.215666621799159
  value: 73.21033477783203
