numB:
  errDn: 3.8266843891473368
  errUp: 4.182367830359308
  error: 4.182367830359308
  value: 19.5129451751709
