numC:
  errDn: 8.492193593407087
  errUp: 8.76976134406977
  error: 8.76976134406977
  value: 48.710453033447266
