numL:
  errDn: 9.576384431774812
  errUp: 9.807705385989692
  error: 9.807705385989692
  value: 190.84417724609375
