rB:
  errDn: -0.000611403622700997
  errUp: 0.000611403622700997
  error: 0.000611403622700997
  value: 4.467457762231952e-13
rC:
  errDn: -0.0006354305514308267
  errUp: 0.0006354305514308267
  error: 0.0006354305514308267
  value: 1.856641739222259e-12
rL:
  errDn: -0.0031374312192924414
  errUp: 0.0031374312192924414
  error: 0.0031374312192924414
  value: 0.6550268092023838
