numB:
  composition: 0
  errDn: -22.8482010421464
  errUp: 22.8482010421464
  error: 22.8482010421464
  value: 532.6852325361432
numC:
  composition: 0
  errDn: -85.80906758910692
  errUp: 85.80906758910692
  error: 85.80906758910692
  value: 2646.1941433130714
numL:
  composition: 0
  errDn: -109.74608176400216
  errUp: 109.74608176400216
  error: 109.74608176400216
  value: 19006.699749106654
