emptyFAKE: 0
nB:
  composition: 0.1
  value: 14.094908206894562
nC:
  composition: 0.2
  value: 28.189816413789124
nDATA:
  value: 176.186352586182
nFAKE:
  composition: 0.2
  value: 35.237270517236404
nL:
  composition: 0.7
  value: 98.66435744826192
nSIGN:
  value: 140.94908206894561
