numL:
  errDn: 6.768061529355819
  errUp: 7.084269614955417
  error: 7.084269614955417
  value: 96.56538391113281
