numB:
  errDn: 3.7548317354709297
  errUp: 4.0637566721063685
  error: 4.0637566721063685
  value: 21.532604217529297
