numB:
  errDn: 3.4588761524580462
  errUp: 3.7805061782824367
  error: 3.7805061782824367
  value: 16.91731834411621
