numC:
  errDn: 6.400473517969225
  errUp: 6.6850348840342875
  error: 6.6850348840342875
  value: 46.18314743041992
