numC:
  errDn: 6.3894100642010585
  errUp: 6.655742024363676
  error: 6.655742024363676
  value: 41.04513168334961
