numB:
  composition: 0
  errDn: -69.72817669164851
  errUp: 69.72817669164851
  error: 69.72817669164851
  value: 6144.03172907801
numC:
  composition: 0
  errDn: -271.76918745126386
  errUp: 271.76918745126386
  error: 271.76918745126386
  value: 44624.432869260054
numL:
  composition: 0
  errDn: -315.15851895551896
  errUp: 315.15851895551896
  error: 315.15851895551896
  value: 140676.42890008417
