numFAKE:
  composition: 0
  errDn: -169.418573036849
  errUp: 169.418573036849
  error: 169.418573036849
  value: 14205.624434244262
numSIGN:
  composition: 0
  errDn: -453.74048459593905
  errUp: 453.74048459593905
  error: 453.74048459593905
  value: 191571.458186391
