emptyFAKE: 0
nB:
  composition: 0.1
  value: 6953.826244032449
nC:
  composition: 0.2
  value: 13907.652488064898
nDATA:
  value: 86922.8280504056
nFAKE:
  composition: 0.2
  value: 17384.56561008112
nL:
  composition: 0.7
  value: 48676.783708227136
nSIGN:
  value: 69538.26244032448
