numB:
  errDn: 34.887339082134076
  errUp: 35.26979844866037
  error: 35.26979844866037
  value: 1487.5186767578125
