numL:
  errDn: 164.3654797097406
  errUp: 164.5469159512213
  error: 164.5469159512213
  value: 62741.765625
