numB:
  errDn: 285.16211681325353
  errUp: 5.648497289540728
  error: 285.16211681325353
  value: 2006.0
