numC:
  errDn: 140.76749634669613
  errUp: 141.18158325538207
  error: 141.18158325538207
  value: 15908.341796875
