numC:
  errDn: 118.50849034880412
  errUp: 118.89524762716246
  error: 118.89524762716246
  value: 10345.6650390625
