numB:
  composition: 0
  errDn: -4.518174147778403
  errUp: 4.518174147778403
  error: 4.518174147778403
  value: 26.34650053965967
numC:
  composition: 0
  errDn: -19.709774600736125
  errUp: 19.709774600736125
  error: 19.709774600736125
  value: 141.7750524554366
numL:
  composition: 0
  errDn: -20.6517890889709
  errUp: 20.6517890889709
  error: 20.6517890889709
  value: 384.9955267702816
