numFAKE:
  composition: 0
  errDn: -4.080721700465638
  errUp: 4.080721700465638
  error: 4.080721700465638
  value: 8.783633673259024
numSIGN:
  composition: 0
  errDn: -23.233345024100345
  errUp: 23.233345024100345
  error: 23.233345024100345
  value: 553.2155636305064
