numB:
  errDn: 3.8149089511016
  errUp: 4.1053438625068
  error: 4.1053438625068
  value: 22.945730209350586
