numSIGN:
  errDn: 23.15522849455334
  errUp: 23.826535518726587
  error: 23.826535518726587
  value: 514.0670166015625
