numFAKE:
  errDn: 3.71215987493302
  errUp: 4.947016656782946
  error: 4.947016656782946
  value: 9.398098945617676
