numSIGN:
  errDn: 23.269167252699162
  errUp: 23.947419290040784
  error: 23.947419290040784
  value: 552.6417236328125
