numFAKE:
  errDn: 4.93760211387414
  errUp: 3.536108486919648
  error: 4.93760211387414
  value: 10.0
