numL:
  errDn: 12.94876387500915
  errUp: 13.170611868483604
  error: 13.170611868483604
  value: 349.3086242675781
