numC:
  errDn: 12.103639679244026
  errUp: 12.166949370140202
  error: 12.166949370140202
  value: 134.55116271972656
