numB:
  composition: 0
  errDn: -22.341983940471994
  errUp: 22.341983940471994
  error: 22.341983940471994
  value: 53.2912844629477
numC:
  composition: 0
  errDn: -63.77368480827545
  errUp: 63.77368480827545
  error: 63.77368480827545
  value: 1265.332727591793
numL:
  composition: 0
  errDn: -82.50247911907991
  errUp: 82.50247911907991
  error: 82.50247911907991
  value: 12930.02041540734
