rB:
  errDn: -0.0010310588718280326
  errUp: 0.0010310588718280326
  error: 0.0010310588718280326
  value: 5.230905227200655e-13
rC:
  errDn: -0.008176913646970096
  errUp: 0.008176913646970096
  error: 0.008176913646970096
  value: 0.72512097266933
rL:
  errDn: -0.005423077514870976
  errUp: 0.005423077514870976
  error: 0.005423077514870976
  value: 0.011075338956923371
