rB:
  errDn: -0.006317291516816124
  errUp: 0.006317291516816124
  error: 0.006317291516816124
  value: 1.7503005137050817e-08
rC:
  errDn: -0.006657839039212021
  errUp: 0.006657839039212021
  error: 0.006657839039212021
  value: 0.7343979209039213
rL:
  errDn: -0.002447326267819645
  errUp: 0.002447326267819645
  error: 0.002447326267819645
  value: 0.009933241131286161
