numFAKE:
  composition: 0
  errDn: -22.33587827937336
  errUp: 22.33587827937336
  error: 22.33587827937336
  value: 323.1293028088557
numSIGN:
  composition: 0
  errDn: -49.576869743726775
  errUp: 49.576869743726775
  error: 49.576869743726775
  value: 2283.871318239607
