numB:
  composition: 0
  errDn: -38.56144526079072
  errUp: 38.56144526079072
  error: 38.56144526079072
  value: 1204.1199795254156
numC:
  composition: 0
  errDn: -39.41191888539274
  errUp: 39.41191888539274
  error: 39.41191888539274
  value: 540.4679962520967
numL:
  composition: 0
  errDn: -30.486837206915567
  errUp: 30.486837206915567
  error: 30.486837206915567
  value: 533.624667205133
