numB:
  composition: 0
  errDn: -5.144414388395276
  errUp: 5.144414388395276
  error: 5.144414388395276
  value: 5.970154193962864
numC:
  composition: 0
  errDn: -8.503712820856896
  errUp: 8.503712820856896
  error: 8.503712820856896
  value: 30.619135787495463
numL:
  composition: 0
  errDn: -7.020087374834169
  errUp: 7.020087374834169
  error: 7.020087374834169
  value: 34.73400837811365
