numB:
  composition: 0
  errDn: -29.328729524561453
  errUp: 29.328729524561453
  error: 29.328729524561453
  value: 8.943096531500821e-05
numC:
  composition: 0
  errDn: -78.53299627020647
  errUp: 78.53299627020647
  error: 78.53299627020647
  value: 2324.892647729683
numL:
  composition: 0
  errDn: -93.32227361797914
  errUp: 93.32227361797914
  error: 93.32227361797914
  value: 6857.096752711144
