rB:
  errDn: -0.0012541404791987986
  errUp: 0.0012541404791987986
  error: 0.0012541404791987986
  value: 2.853462908666837e-14
rC:
  errDn: -0.008487651847692401
  errUp: 0.008487651847692401
  error: 0.008487651847692401
  value: 0.712301267240615
rL:
  errDn: -0.005647303544487812
  errUp: 0.005647303544487812
  error: 0.005647303544487812
  value: 0.013597761818844568
