numB:
  composition: 0
  errDn: -18.003355964336407
  errUp: 18.003355964336407
  error: 18.003355964336407
  value: 279.56116365109784
numC:
  composition: 0
  errDn: -83.22709470375969
  errUp: 83.22709470375969
  error: 83.22709470375969
  value: 1389.4858735810478
numL:
  composition: 0
  errDn: -107.23797534799087
  errUp: 107.23797534799087
  error: 107.23797534799087
  value: 17270.268014849848
