numB:
  composition: 0
  errDn: -53.9881307926853
  errUp: 53.9881307926853
  error: 53.9881307926853
  value: 2229.308345631824
numC:
  composition: 0
  errDn: -90.5441603971758
  errUp: 90.5441603971758
  error: 90.5441603971758
  value: 5239.2172838395
numL:
  composition: 0
  errDn: -71.36062507771453
  errUp: 71.36062507771453
  error: 71.36062507771453
  value: 3695.6873991289344
