numB:
  composition: 0
  errDn: -10.957208272975855
  errUp: 10.957208272975855
  error: 10.957208272975855
  value: 91.66505592425608
numC:
  composition: 0
  errDn: -8.717962283611888
  errUp: 8.717962283611888
  error: 8.717962283611888
  value: 16.192239594846132
numL:
  composition: 0
  errDn: -6.468189258866825
  errUp: 6.468189258866825
  error: 6.468189258866825
  value: 11.254238566174491
