rB:
  errDn: -0.0216447958190171
  errUp: 0.0216447958190171
  error: 0.0216447958190171
  value: 0.3546427592352785
rC:
  errDn: -0.01790395137109546
  errUp: 0.01790395137109546
  error: 0.01790395137109546
  value: 0.8196298339562127
rL:
  errDn: -0.008209807835363458
  errUp: 0.008209807835363458
  error: 0.008209807835363458
  value: 0.685580132929589
