nFAKE:
  composition: 0.0915078257413499
  error: 110.3115201317828
  value: 5942.975640900252
nSIGN:
  composition: 0.9084921742586501
  error: 255.1801165273646
  value: 59002.02324584286
