nB:
  composition: 0.030314310478590404
  error: 43.01431089750804
  value: 1784.482500690217
nC:
  composition: 0.15135497538017237
  error: 193.52500932472776
  value: 8909.663478873072
nFAKE:
  error: 110.74416294065713
  value: 6073.732966122939
nL:
  composition: 0.8183307141412371
  error: 226.17602959463693
  value: 48171.86391865011
