emptyFAKE: 0
nB:
  composition: 0.1
  value: 247.2514194462542
nC:
  composition: 0.2
  value: 494.5028388925084
nDATA:
  value: 3090.6427430781773
nFAKE:
  composition: 0.2
  value: 618.1285486156355
nL:
  composition: 0.7
  value: 1730.7599361237794
nSIGN:
  value: 2472.514194462542
