numB:
  composition: 0
  errDn: -15.854985221491503
  errUp: 15.854985221491503
  error: 15.854985221491503
  value: 253.99149519469933
numC:
  composition: 0
  errDn: -39.64851541513411
  errUp: 39.64851541513411
  error: 39.64851541513411
  value: 537.487798717525
numL:
  composition: 0
  errDn: -42.187447827886444
  errUp: 42.187447827886444
  error: 42.187447827886444
  value: 2013.5214282900217
