numL:
  errDn: 30.16596788941979
  errUp: 30.369937514265303
  error: 30.369937514265303
  value: 1855.5615234375
