numB:
  errDn: 15.1235669894279
  errUp: 15.473589628487275
  error: 15.473589628487275
  value: 292.9127502441406
