numB:
  errDn: 13.433619470138638
  errUp: 13.78462901482959
  error: 13.78462901482959
  value: 217.618408203125
