numC:
  errDn: 27.80514703370079
  errUp: 27.770610706218918
  error: 27.80514703370079
  value: 725.8596801757812
