numC:
  errDn: 26.53709467276053
  errUp: 26.731114200264415
  error: 26.731114200264415
  value: 509.9697265625
