nFAKE:
  composition: 0.06018321713424306
  error: 78.98310579447343
  value: 3470.525294447842
nSIGN:
  composition: 0.939816782865757
  error: 239.19402559230366
  value: 54195.47296394672
