emptyFAKE: 0
nB:
  composition: 0.1
  value: 2180.7200000000003
nC:
  composition: 0.2
  value: 4361.4400000000005
nDATA:
  value: 27259.0
nFAKE:
  composition: 0.2
  value: 5451.8
nL:
  composition: 0.7
  value: 15265.039999999999
nSIGN:
  value: 21807.2
