numB:
  composition: 0
  errDn: -21.945673778674774
  errUp: 21.945673778674774
  error: 21.945673778674774
  value: 475.52368608688926
numC:
  composition: 0
  errDn: -113.64335716882078
  errUp: 113.64335716882078
  error: 113.64335716882078
  value: 3888.484859941763
numL:
  composition: 0
  errDn: -131.4456918833348
  errUp: 131.4456918833348
  error: 131.4456918833348
  value: 21215.044610042216
