numFAKE:
  composition: 0
  errDn: -60.347164900483335
  errUp: 60.347164900483335
  error: 60.347164900483335
  value: 1494.9698800878311
numSIGN:
  composition: 0
  errDn: -166.81818843311157
  errUp: 166.81818843311157
  error: 166.81818843311157
  value: 25763.903300959544
