emptyFAKE: 0
nB:
  composition: 0.1
  value: 2180.6400000000003
nC:
  composition: 0.2
  value: 4361.280000000001
nDATA:
  value: 27258.0
nFAKE:
  composition: 0.2
  value: 5451.6
nL:
  composition: 0.7
  value: 15264.48
nSIGN:
  value: 21806.4
