numB:
  errDn: 70.41050679075897
  errUp: 7.567225898249944
  error: 70.41050679075897
  value: 593.75
