numSIGN:
  errDn: 162.56015076900076
  errUp: 163.89511218216649
  error: 163.89511218216649
  value: 25764.19921875
