numL:
  errDn: 92.68961381834379
  errUp: 92.97267407597246
  error: 92.97267407597246
  value: 18753.171875
