numFAKE:
  errDn: 217.85290742623715
  errUp: 15.048297170579872
  error: 217.85290742623715
  value: 1494.0
