numB:
  errDn: 16.88735971792096
  errUp: 17.2674275208592
  error: 17.2674275208592
  value: 296.42431640625
