numFAKE:
  errDn: 62.31351293354692
  errUp: 63.578166468317704
  error: 63.578166468317704
  value: 1661.1893310546875
