numSIGN:
  errDn: 161.40534441662385
  errUp: 162.27116022378323
  error: 162.27116022378323
  value: 23832.24609375
