numC:
  errDn: 86.47423090812026
  errUp: 86.7449748550971
  error: 86.7449748550971
  value: 6871.42919921875
