numC:
  errDn: 76.84539138105265
  errUp: 77.1952600943714
  error: 77.1952600943714
  value: 3756.077392578125
