numB:
  composition: 0
  errDn: -9.902654092956901
  errUp: 9.902654092956901
  error: 9.902654092956901
  value: 92.79574109957991
numC:
  composition: 0
  errDn: -42.7844553885061
  errUp: 42.7844553885061
  error: 42.7844553885061
  value: 374.0267650252257
numL:
  composition: 0
  errDn: -51.33456397681107
  errUp: 51.33456397681107
  error: 51.33456397681107
  value: 3563.2384806388673
