numB:
  composition: 0
  errDn: -17.938756613252338
  errUp: 17.938756613252338
  error: 17.938756613252338
  value: 456.0422626612518
numC:
  composition: 0
  errDn: -24.162883847256722
  errUp: 24.162883847256722
  error: 24.162883847256722
  value: 306.38804196719735
numL:
  composition: 0
  errDn: -19.77243472996321
  errUp: 19.77243472996321
  error: 19.77243472996321
  value: 208.56668489510284
