numB:
  composition: 0
  errDn: -15.31536830366322
  errUp: 15.31536830366322
  error: 15.31536830366322
  value: 187.32595479833864
numC:
  composition: 0
  errDn: -12.259743737795372
  errUp: 12.259743737795372
  error: 12.259743737795372
  value: 41.257123623093776
numL:
  composition: 0
  errDn: -5.615825028672477
  errUp: 5.615825028672477
  error: 5.615825028672477
  value: 10.918205181192306
