numB:
  composition: 0
  errDn: -1.5892512670847883
  errUp: 1.5892512670847883
  error: 1.5892512670847883
  value: 3.1484385473757692
numC:
  composition: 0
  errDn: -1.826639949518096
  errUp: 1.826639949518096
  error: 1.826639949518096
  value: 3.7854062499783745
numL:
  composition: 0
  errDn: -2.061578773208291
  errUp: 2.061578773208291
  error: 2.061578773208291
  value: 5.397924534010044
