nB:
  composition: 0.037724173942804064
  error: 11.44622771513233
  value: 95.3290848955156
nC:
  composition: 0.1350640180460117
  error: 46.836129641292445
  value: 341.30712211642015
nL:
  composition: 0.8272118080111842
  error: 47.040328272304805
  value: 2090.366373350722
