nB:
  composition: 0.021695143481791267
  error: 32.31737636045182
  value: 526.9309833943217
nC:
  composition: 0.1071772712407759
  error: 154.78002637093596
  value: 2603.118296028855
nFAKE:
  error: 50.760557060544215
  value: 1396.2875029894828
nL:
  composition: 0.8711275852774328
  error: 156.08424338756777
  value: 21157.92023027723
