numB:
  composition: 0
  errDn: -80.12572849787398
  errUp: 80.12572849787398
  error: 80.12572849787398
  value: 187.50557724642508
numC:
  composition: 0
  errDn: -186.26371794704437
  errUp: 186.26371794704437
  error: 186.26371794704437
  value: 4258.610446311835
numL:
  composition: 0
  errDn: -174.3788017058414
  errUp: 174.3788017058414
  error: 174.3788017058414
  value: 23984.824685943564
