rB:
  errDn: -0.01249940848513087
  errUp: 0.01249940848513087
  error: 0.01249940848513087
  value: 1.0501653149516676e-11
rC:
  errDn: -0.011405776270629553
  errUp: 0.011405776270629553
  error: 0.011405776270629553
  value: 0.6747281554621908
rL:
  errDn: -0.0048973113817710745
  errUp: 0.0048973113817710745
  error: 0.0048973113817710745
  value: 0.7597969692603712
