numB:
  composition: 0
  errDn: -57.51434738010175
  errUp: 57.51434738010175
  error: 57.51434738010175
  value: 2230.658601965913
numC:
  composition: 0
  errDn: -95.53994146026616
  errUp: 95.53994146026616
  error: 95.53994146026616
  value: 5235.547907629237
numL:
  composition: 0
  errDn: -75.82800143733516
  errUp: 75.82800143733516
  error: 75.82800143733516
  value: 3691.3649528285914
