numB:
  composition: 0
  errDn: -13.46175635402026
  errUp: 13.46175635402026
  error: 13.46175635402026
  value: 69.1755107034889
numC:
  composition: 0
  errDn: -30.91794011116383
  errUp: 30.91794011116383
  error: 30.91794011116383
  value: 431.24441949391814
numL:
  composition: 0
  errDn: -28.757826078189566
  errUp: 28.757826078189566
  error: 28.757826078189566
  value: 566.5047120438794
