numB:
  composition: 0
  errDn: -30.416630004807814
  errUp: 30.416630004807814
  error: 30.416630004807814
  value: 804.5563760730713
numC:
  composition: 0
  errDn: -129.5577168482307
  errUp: 129.5577168482307
  error: 129.5577168482307
  value: 3875.9672612026056
numL:
  composition: 0
  errDn: -152.36718162036595
  errUp: 152.36718162036595
  error: 152.36718162036595
  value: 26335.230578715527
