numB:
  composition: 0
  errDn: -83.14136639011213
  errUp: 83.14136639011213
  error: 83.14136639011213
  value: 618.6927756794598
numC:
  composition: 0
  errDn: -211.30198235315584
  errUp: 211.30198235315584
  error: 211.30198235315584
  value: 16752.52472845452
numL:
  composition: 0
  errDn: -224.7764674581049
  errUp: 224.7764674581049
  error: 224.7764674581049
  value: 80416.65471476049
