numB:
  composition: 0
  errDn: -3.975851376899455
  errUp: 3.975851376899455
  error: 3.975851376899455
  value: 9.34468023693682
numC:
  composition: 0
  errDn: -8.028223810840313
  errUp: 8.028223810840313
  error: 8.028223810840313
  value: 20.37098883999483
numL:
  composition: 0
  errDn: -8.10427937854119
  errUp: 8.10427937854119
  error: 8.10427937854119
  value: 61.14463182848215
