emptyFAKE: 0
nB:
  composition: 0.1
  value: 348.73690965032876
nC:
  composition: 0.2
  value: 697.4738193006575
nDATA:
  value: 4359.211370629109
nFAKE:
  composition: 0.2
  value: 871.8422741258219
nL:
  composition: 0.7
  value: 2441.158367552301
nSIGN:
  value: 3487.3690965032874
