numB:
  errDn: 31.893280660590108
  errUp: 32.074929168758445
  error: 32.074929168758445
  value: 1855.58740234375
