numL:
  errDn: 23.697473351812107
  errUp: 24.039112224578076
  error: 24.039112224578076
  value: 170.73123168945312
