numB:
  errDn: 1322.249394833234
  errUp: 0.8646215217381723
  error: 1322.249394833234
  value: 2517.5
