numC:
  errDn: 31.025507108910006
  errUp: 30.6467970995418
  error: 31.025507108910006
  value: 1263.7779541015625
