numC:
  errDn: 866.5071342045031
  errUp: 1.2898144716000388
  error: 866.5071342045031
  value: 1835.0
