nB:
  composition: 0.03804157734390318
  error: 5.6348287155481565
  value: 35.62312428690553
nC:
  composition: 0.1445016491348745
  error: 22.264420137472122
  value: 135.31510957758545
nFAKE:
  error: 8.53085336178517
  value: 41.5865174964108
nL:
  composition: 0.8174567735212224
  error: 23.911626055328554
  value: 765.48782346919
