nB:
  composition: 0.02962951119626554
  error: 1.8365028834054633
  value: 2.636939554657096
nC:
  composition: 0.2907397634278129
  error: 7.8823751006145635
  value: 25.874985828017156
nL:
  composition: 0.6796307253759217
  error: 7.817499311088362
  value: 60.485140319491386
