numB:
  composition: 0
  errDn: -41.94948604959848
  errUp: 41.94948604959848
  error: 41.94948604959848
  value: 1427.2587252580736
numC:
  composition: 0
  errDn: -29.443317983294733
  errUp: 29.443317983294733
  error: 29.443317983294733
  value: 248.07890867411956
numL:
  composition: 0
  errDn: -26.820495738913046
  errUp: 26.820495738913046
  error: 26.820495738913046
  value: 146.59192530567228
