numB:
  composition: 0
  errDn: -1.3735085577006925
  errUp: 1.3735085577006925
  error: 1.3735085577006925
  value: 1.7055147590309152
numC:
  composition: 0
  errDn: -5.171131118370595
  errUp: 5.171131118370595
  error: 5.171131118370595
  value: 4.868560502145337
numL:
  composition: 0
  errDn: -7.994850514089137
  errUp: 7.994850514089137
  error: 7.994850514089137
  value: 77.55171932079458
