numB:
  composition: 0
  errDn: -9.10304191982889
  errUp: 9.10304191982889
  error: 9.10304191982889
  value: 131.74554994820332
numC:
  composition: 0
  errDn: -7.300263241439849
  errUp: 7.300263241439849
  error: 7.300263241439849
  value: 32.06903018676489
numL:
  composition: 0
  errDn: -5.081245423338811
  errUp: 5.081245423338811
  error: 5.081245423338811
  value: 13.558520986722502
