emptyFAKE: 0
nB:
  composition: 0.1
  value: 11387.892793404364
nC:
  composition: 0.2
  value: 22775.785586808728
nDATA:
  value: 142348.65991755453
nFAKE:
  composition: 0.2
  value: 28469.73198351091
nL:
  composition: 0.7
  value: 79715.24955383054
nSIGN:
  value: 113878.92793404363
