numL:
  errDn: 209.09718038965366
  errUp: 209.31196306089987
  error: 209.31196306089987
  value: 100504.140625
