numB:
  errDn: 47.44494122114202
  errUp: 47.82773864678393
  error: 47.82773864678393
  value: 2962.651611328125
