numC:
  errDn: 177.33409525355455
  errUp: 180.1867643582882
  error: 180.1867643582882
  value: 27588.185546875
