numB:
  errDn: 15.891293392766329
  errUp: 181.13343664103058
  error: 181.13343664103058
  value: 3648.0
