numC:
  errDn: 154.64538165719568
  errUp: 155.13090338743496
  error: 155.13090338743496
  value: 20332.693359375
