numB:
  composition: 0
  errDn: -2.658524705069515
  errUp: 2.658524705069515
  error: 2.658524705069515
  value: 7.293027854342898
numC:
  composition: 0
  errDn: -1.8743396395070848
  errUp: 1.8743396395070848
  error: 1.8743396395070848
  value: 1.740696657160298
numL:
  composition: 0
  errDn: -1.6210593625026237
  errUp: 1.6210593625026237
  error: 1.6210593625026237
  value: 1.747187402509726
