numB:
  composition: 0
  errDn: -2.2564821138743336
  errUp: 2.2564821138743336
  error: 2.2564821138743336
  value: 2.139369577151579
numC:
  composition: 0
  errDn: -4.8454110194646836
  errUp: 4.8454110194646836
  error: 4.8454110194646836
  value: 15.445926336080447
numL:
  composition: 0
  errDn: -4.261329601876354
  errUp: 4.261329601876354
  error: 4.261329601876354
  value: 16.711905772440133
