numB:
  composition: 0
  errDn: -24.93649309695306
  errUp: 24.93649309695306
  error: 24.93649309695306
  value: 32.2706241061552
numC:
  composition: 0
  errDn: -64.69629922903096
  errUp: 64.69629922903096
  error: 64.69629922903096
  value: 384.97953964235
numL:
  composition: 0
  errDn: -63.408633934318914
  errUp: 63.408633934318914
  error: 63.408633934318914
  value: 3322.654235943277
