numB:
  composition: 0
  errDn: -9.139713275785603
  errUp: 9.139713275785603
  error: 9.139713275785603
  value: 84.0409615531124
numC:
  composition: 0
  errDn: -25.767220674870757
  errUp: 25.767220674870757
  error: 25.767220674870757
  value: 198.4877400859576
numL:
  composition: 0
  errDn: -25.615774250093864
  errUp: 25.615774250093864
  error: 25.615774250093864
  value: 579.6197320607835
