numB:
  composition: 0
  errDn: -12.74055038069092
  errUp: 12.74055038069092
  error: 12.74055038069092
  value: 177.07704802107847
numC:
  composition: 0
  errDn: -49.049377318854624
  errUp: 49.049377318854624
  error: 49.049377318854624
  value: 909.3530664425524
numL:
  composition: 0
  errDn: -61.4199797389042
  errUp: 61.4199797389042
  error: 61.4199797389042
  value: 6690.434584919855
