nFAKE:
  composition: 0.09576103980884995
  error: 66.57354467567143
  value: 3061.867188731618
nSIGN:
  composition: 0.90423896019115
  error: 173.40197512697887
  value: 28912.171468779383
