nB:
  composition: 0.02968442612262625
  error: 34.25849433475548
  value: 857.0624216399902
nC:
  composition: 0.1531533005698372
  error: 143.97378165499322
  value: 4421.912626045031
nFAKE:
  error: 65.60437178084021
  value: 3100.7873442769114
nL:
  composition: 0.8171622733075364
  error: 152.91066155619774
  value: 23593.485484294564
