emptyFAKE: 0
nB:
  composition: 0.1
  value: 7.407339917696206
nC:
  composition: 0.2
  value: 14.814679835392411
nDATA:
  value: 92.59174897120256
nFAKE:
  composition: 0.2
  value: 18.518349794240514
nL:
  composition: 0.7
  value: 51.85137942387344
nSIGN:
  value: 74.07339917696206
