numC:
  errDn: 4.358844125707668
  errUp: 4.269134521484375
  error: 4.358844125707668
  value: 16.695865631103516
