numL:
  errDn: 5.321415807526435
  errUp: 5.548073189225818
  error: 5.548073189225818
  value: 68.42179870605469
