numC:
  errDn: 3.2398784182933014
  errUp: 3.7730955775284123
  error: 3.7730955775284123
  value: 5.005509853363037
