numB:
  errDn: 0.724825632559336
  errUp: 1.0650132678741202
  error: 1.0650132678741202
  value: 1.2756685018539429
