numB:
  errDn: 1.880473295247264
  errUp: 0.7078429610652184
  error: 1.880473295247264
  value: 2.5
