emptyFAKE: 0
nB:
  composition: 0.1
  value: 2886.6400000000003
nC:
  composition: 0.2
  value: 5773.280000000001
nDATA:
  value: 36083.0
nFAKE:
  composition: 0.2
  value: 7216.6
nL:
  composition: 0.7
  value: 20206.48
