numB:
  composition: 0
  errDn: -32.718847747481675
  errUp: 32.718847747481675
  error: 32.718847747481675
  value: 1001.2185459962578
numC:
  composition: 0
  errDn: -129.3351590846073
  errUp: 129.3351590846073
  error: 129.3351590846073
  value: 5980.206478632224
numL:
  composition: 0
  errDn: -148.38013179152404
  errUp: 148.38013179152404
  error: 148.38013179152404
  value: 25601.146366769983
