numB:
  composition: 0
  errDn: -6.229438581779858
  errUp: 6.229438581779858
  error: 6.229438581779858
  value: 18.046693423482363
numC:
  composition: 0
  errDn: -21.95432448505553
  errUp: 21.95432448505553
  error: 21.95432448505553
  value: 95.65506410341393
numL:
  composition: 0
  errDn: -29.341817386925356
  errUp: 29.341817386925356
  error: 29.341817386925356
  value: 1003.1284970514209
