numB:
  composition: 0
  errDn: -15.653024099237015
  errUp: 15.653024099237015
  error: 15.653024099237015
  value: 270.6440861822288
numC:
  composition: 0
  errDn: -26.171251771635582
  errUp: 26.171251771635582
  error: 26.171251771635582
  value: 258.7475045257736
numL:
  composition: 0
  errDn: -21.186472869666574
  errUp: 21.186472869666574
  error: 21.186472869666574
  value: 223.52172673012475
