numB:
  composition: 0
  errDn: -21.965384684482046
  errUp: 21.965384684482046
  error: 21.965384684482046
  value: 515.5656383311224
numC:
  composition: 0
  errDn: -82.51278119125323
  errUp: 82.51278119125323
  error: 82.51278119125323
  value: 2715.013017176215
numL:
  composition: 0
  errDn: -119.19431607530714
  errUp: 119.19431607530714
  error: 119.19431607530714
  value: 27431.291972599098
