numB:
  composition: 0
  errDn: -69.21102538100831
  errUp: 69.21102538100831
  error: 69.21102538100831
  value: 5517.645285350782
numC:
  composition: 0
  errDn: -269.9879580170091
  errUp: 269.9879580170091
  error: 269.9879580170091
  value: 39541.45991686085
numL:
  composition: 0
  errDn: -304.2405281707688
  errUp: 304.2405281707688
  error: 304.2405281707688
  value: 127070.64563863944
