emptyFAKE: 0
nB:
  composition: 0.1
  value: 14778.480000000003
nC:
  composition: 0.2
  value: 29556.960000000006
nDATA:
  value: 184731.0
nFAKE:
  composition: 0.2
  value: 36946.200000000004
nL:
  composition: 0.7
  value: 103449.36
