numFAKE:
  composition: 0
  errDn: -147.9951039975913
  errUp: 147.9951039975913
  error: 147.9951039975913
  value: 12363.22071791862
numSIGN:
  composition: 0
  errDn: -424.2711530881352
  errUp: 424.2711530881352
  error: 424.2711530881352
  value: 172367.77948533994
