nB:
  composition: 0.03334185949366503
  error: 63.3146536099548
  value: 4457.154005985597
nC:
  composition: 0.1932232276841853
  error: 266.4370997794231
  value: 25830.163536189906
nFAKE:
  error: 138.04224863946092
  value: 10403.262329940115
nL:
  composition: 0.7734349128221497
  error: 296.2397550084497
  value: 103393.10921484022
