nFAKE:
  composition: 0.07045721420956498
  error: 133.8671512173678
  value: 10151.757166963333
nSIGN:
  composition: 0.929542785790435
  error: 377.152185753861
  value: 133932.2416236839
