nFAKE:
  composition: 0.04855706127527352
  error: 28.870327211779056
  value: 452.79690511732883
nSIGN:
  composition: 0.9514429387247264
  error: 96.17512509275548
  value: 8872.250641528672
