nFAKE:
  composition: 0.05283466330517004
  error: 49.68871324329302
  value: 1357.0585287962372
nSIGN:
  composition: 0.9471653366948299
  error: 159.35459353881924
  value: 24327.94529072171
