emptyFAKE: 0
nB:
  composition: 0.1
  value: 178.9968580620457
nC:
  composition: 0.2
  value: 357.9937161240914
nDATA:
  value: 2237.460725775571
nFAKE:
  composition: 0.2
  value: 447.49214515511426
nL:
  composition: 0.7
  value: 1252.97800643432
nSIGN:
  value: 1789.968580620457
