numB:
  errDn: 15.561754836108491
  errUp: 15.98372335042933
  error: 15.98372335042933
  value: 378.9364013671875
