numC:
  errDn: 23.466389541453964
  errUp: 23.722363945631287
  error: 23.722363945631287
  value: 606.8801879882812
