numL:
  errDn: 23.82565513601844
  errUp: 24.050761503326157
  error: 24.050761503326157
  value: 1063.3131103515625
