numB:
  errDn: 14.821784976881702
  errUp: 15.133188758023095
  error: 15.133188758023095
  value: 315.91259765625
