numC:
  errDn: 22.957242708504396
  errUp: 23.218171983424554
  error: 23.218171983424554
  value: 633.2518310546875
