numB:
  composition: 0
  errDn: -18.598203855232953
  errUp: 18.598203855232953
  error: 18.598203855232953
  value: 391.15053202606094
numC:
  composition: 0
  errDn: -39.1298106290385
  errUp: 39.1298106290385
  error: 39.1298106290385
  value: 924.5261736308574
numL:
  composition: 0
  errDn: -36.68551563952633
  errUp: 36.68551563952633
  error: 36.68551563952633
  value: 1429.57338197566
