nFAKE:
  composition: 0.04807744892282898
  error: 25.93280801766059
  value: 336.30164641973045
nSIGN:
  composition: 0.9519225510771709
  error: 83.57237491585329
  value: 6658.696090659488
