nFAKE:
  composition: 0.04618629405137924
  error: 14.588223802031173
  value: 103.36489996604506
nSIGN:
  composition: 0.9538137059486208
  error: 47.299488894220985
  value: 2134.634534477826
