numB:
  composition: 0
  errDn: -4.113921831607845
  errUp: 4.113921831607845
  error: 4.113921831607845
  value: 2.801656477437706
numC:
  composition: 0
  errDn: -9.008953449061979
  errUp: 9.008953449061979
  error: 9.008953449061979
  value: 21.586310873151632
numL:
  composition: 0
  errDn: -9.77654340132699
  errUp: 9.77654340132699
  error: 9.77654340132699
  value: 138.48883426167038
