numB:
  composition: 0
  errDn: -18.56704092581205
  errUp: 18.56704092581205
  error: 18.56704092581205
  value: 317.84516242226357
numC:
  composition: 0
  errDn: -48.73578764376367
  errUp: 48.73578764376367
  error: 48.73578764376367
  value: 875.5195756671925
numL:
  composition: 0
  errDn: -46.42228160174807
  errUp: 46.42228160174807
  error: 46.42228160174807
  value: 1890.7351622621973
