numB:
  composition: 0
  errDn: -57.02757637411128
  errUp: 57.02757637411128
  error: 57.02757637411128
  value: 2229.254572224191
numC:
  composition: 0
  errDn: -94.12600382370374
  errUp: 94.12600382370374
  error: 94.12600382370374
  value: 5238.605579440916
numL:
  composition: 0
  errDn: -75.46928062057691
  errUp: 75.46928062057691
  error: 75.46928062057691
  value: 3689.7487215407264
