numB:
  composition: 0
  errDn: -2.3670500161034127
  errUp: 2.3670500161034127
  error: 2.3670500161034127
  value: 8.343165222153937
numC:
  composition: 0
  errDn: -3.3099711345265117
  errUp: 3.3099711345265117
  error: 3.3099711345265117
  value: 6.655334959986676
numL:
  composition: 0
  errDn: -2.9191697059546744
  errUp: 2.9191697059546744
  error: 2.9191697059546744
  value: 7.416792284963697
