nB:
  composition: 0.04927877236661326
  error: 13.763889377198907
  value: 219.3383457391892
nC:
  composition: 0.16933876782251944
  error: 48.496475771003304
  value: 753.7218039317142
nL:
  composition: 0.7813824598108674
  error: 52.05891815843188
  value: 3477.910018729489
