nB:
  composition: 0.028286610240645906
  error: 32.04133861727212
  value: 801.1901057899806
nC:
  composition: 0.1473352007906905
  error: 130.28251149964444
  value: 4173.123046693697
nFAKE:
  error: 61.84633390964018
  value: 1942.9208728631872
nL:
  composition: 0.8243781889686636
  error: 151.50554989765806
  value: 23349.692409650655
