numB:
  composition: 0
  errDn: -19.68881481999398
  errUp: 19.68881481999398
  error: 19.68881481999398
  value: 337.8260294026827
numC:
  composition: 0
  errDn: -67.57999783937521
  errUp: 67.57999783937521
  error: 67.57999783937521
  value: 1537.796076015043
numL:
  composition: 0
  errDn: -98.4063948198309
  errUp: 98.4063948198309
  error: 98.4063948198309
  value: 18447.43498565011
