numB:
  composition: 0
  errDn: -17.013787707387067
  errUp: 17.013787707387067
  error: 17.013787707387067
  value: 220.24916239749783
numC:
  composition: 0
  errDn: -73.54019850361578
  errUp: 73.54019850361578
  error: 73.54019850361578
  value: 1119.0680885332317
numL:
  composition: 0
  errDn: -94.98925760897419
  errUp: 94.98925760897419
  error: 94.98925760897419
  value: 13812.77977395945
