emptyFAKE: 0
nB:
  composition: 0.1
  value: 1333.47051029544
nC:
  composition: 0.2
  value: 2666.94102059088
nDATA:
  value: 16668.381378692997
nFAKE:
  composition: 0.2
  value: 3333.6762757385995
nL:
  composition: 0.7
  value: 9334.293572068078
nSIGN:
  value: 13334.705102954398
