numB:
  errDn: 14.042951943678275
  errUp: 14.42258990742863
  error: 14.42258990742863
  value: 190.5630645751953
