numL:
  errDn: 73.21361283514852
  errUp: 74.12642088761459
  error: 74.12642088761459
  value: 13576.4423828125
