numC:
  errDn: 51.92430049218319
  errUp: 52.34162998788861
  error: 52.34162998788861
  value: 1119.776123046875
