numB:
  errDn: 117.42447200701046
  errUp: 1.8948315083821683
  error: 117.42447200701046
  value: 220.0
