numC:
  errDn: 1.0852790189362622
  errUp: 836.452392578125
  error: 836.452392578125
  value: 1398.75
