numB:
  composition: 0
  errDn: -67.69264845289194
  errUp: 67.69264845289194
  error: 67.69264845289194
  value: 2974.853382859248
numC:
  composition: 0
  errDn: -109.43449409114828
  errUp: 109.43449409114828
  error: 109.43449409114828
  value: 6726.180606715417
numL:
  composition: 0
  errDn: -88.72023814065187
  errUp: 88.72023814065187
  error: 88.72023814065187
  value: 5362.087191878579
