numB:
  composition: 0
  errDn: -6.488485224940341
  errUp: 6.488485224940341
  error: 6.488485224940341
  value: 39.673491654724735
numC:
  composition: 0
  errDn: -32.11301969203424
  errUp: 32.11301969203424
  error: 32.11301969203424
  value: 303.85229617730647
numL:
  composition: 0
  errDn: -37.19366323884981
  errUp: 37.19366323884981
  error: 37.19366323884981
  value: 1647.390355820675
