numFAKE:
  composition: 0
  errDn: -11.450211074568074
  errUp: 11.450211074568074
  error: 11.450211074568074
  value: 72.80779589638003
numSIGN:
  composition: 0
  errDn: -45.16624166407587
  errUp: 45.16624166407587
  error: 45.16624166407587
  value: 1991.1957267470175
