numFAKE:
  composition: 0
  errDn: -57.8290354441167
  errUp: 57.8290354441167
  error: 57.8290354441167
  value: 1882.696707090392
numSIGN:
  composition: 0
  errDn: -169.10440804351674
  errUp: 169.10440804351674
  error: 169.10440804351674
  value: 27125.35578132013
