numB:
  composition: 0
  errDn: -23.7142732837018
  errUp: 23.7142732837018
  error: 23.7142732837018
  value: 673.0441341591643
numC:
  composition: 0
  errDn: -99.11279049913901
  errUp: 99.11279049913901
  error: 99.11279049913901
  value: 5015.2229596008265
numL:
  composition: 0
  errDn: -119.89039604682694
  errUp: 119.89039604682694
  error: 119.89039604682694
  value: 21414.65819472511
