emptyFAKE: 0
nB:
  composition: 0.1
  value: 2320.5600000000004
nC:
  composition: 0.2
  value: 4641.120000000001
nDATA:
  value: 29007.0
nFAKE:
  composition: 0.2
  value: 5801.400000000001
nL:
  composition: 0.7
  value: 16243.92
