rB:
  errDn: -0.36697824888031916
  errUp: 0.36697824888031916
  error: 0.36697824888031916
  value: 0.16157553703795116
rC:
  errDn: -0.25688327802385746
  errUp: 0.25688327802385746
  error: 0.25688327802385746
  value: 0.014494104173152094
rL:
  errDn: -0.6471174706621499
  errUp: 0.6471174706621499
  error: 0.6471174706621499
  value: 0.9120048628166749
