nFAKE:
  composition: 0.050749816244106793
  error: 35.191383544881205
  value: 679.4411847521064
nSIGN:
  composition: 0.9492501837558932
  error: 115.35262473959847
  value: 12708.610931219939
