nFAKE:
  composition: 0.049457553268447696
  error: 15.498660612948463
  value: 136.2067971072627
nSIGN:
  composition: 0.9505424467315522
  error: 52.10991638732594
  value: 2617.807263555099
