rB:
  errDn: -0.0158308085932901
  errUp: 0.0158308085932901
  error: 0.0158308085932901
  value: 0.24960380025618914
rC:
  errDn: -9.463665429211907e-05
  errUp: 9.463665429211907e-05
  error: 9.463665429211907e-05
  value: 1.797552124510604e-12
rL:
  errDn: -0.0005753899928366106
  errUp: 0.0005753899928366106
  error: 0.0005753899928366106
  value: 0.012075863346948221
