numL:
  errDn: 170.7293951203319
  errUp: 170.9294827839476
  error: 170.9294827839476
  value: 66845.703125
