numB:
  errDn: 20.30223608642882
  errUp: 91.19310148441537
  error: 91.19310148441537
  value: 2368.0
