numC:
  errDn: 126.97834758514546
  errUp: 127.41764131628042
  error: 127.41764131628042
  value: 13353.1025390625
