numB:
  errDn: 37.94311117909979
  errUp: 38.31436560922816
  error: 38.31436560922816
  value: 1902.0069580078125
