numC:
  errDn: 146.79030253014935
  errUp: 147.1851822996323
  error: 147.1851822996323
  value: 18505.88671875
