numB:
  composition: 0
  errDn: -21.329456158470876
  errUp: 21.329456158470876
  error: 21.329456158470876
  value: 274.1680108828573
numC:
  composition: 0
  errDn: -29.712501883525817
  errUp: 29.712501883525817
  error: 29.712501883525817
  value: 272.4098159597887
numL:
  composition: 0
  errDn: -22.946231235271625
  errUp: 22.946231235271625
  error: 22.946231235271625
  value: 206.37520193651665
