numL:
  errDn: 53.86715034700774
  errUp: 54.11676254905615
  error: 54.11676254905615
  value: 7376.40966796875
