numB:
  errDn: 81.47750091552734
  errUp: 1.4082255166916013
  error: 81.47750091552734
  value: 136.25
