numC:
  errDn: 38.965944919583194
  errUp: 39.40816054859931
  error: 39.40816054859931
  value: 591.6163940429688
