numB:
  errDn: 10.738705260513811
  errUp: 11.122068004572128
  error: 11.122068004572128
  value: 109.80804443359375
