numC:
  errDn: 0.8454161078781226
  errUp: 622.9166259765625
  error: 622.9166259765625
  value: 625.0
