numB:
  composition: 0
  errDn: -11.60708082094881
  errUp: 11.60708082094881
  error: 11.60708082094881
  value: 85.92988385700431
numC:
  composition: 0
  errDn: -12.76111875367571
  errUp: 12.76111875367571
  error: 12.76111875367571
  value: 79.84920973172034
numL:
  composition: 0
  errDn: -11.926671101063555
  errUp: 11.926671101063555
  error: 11.926671101063555
  value: 111.07328508107332
