numB:
  composition: 0
  errDn: -18.893074676180305
  errUp: 18.893074676180305
  error: 18.893074676180305
  value: 477.3931046588374
numC:
  composition: 0
  errDn: -28.132629928812236
  errUp: 28.132629928812236
  error: 28.132629928812236
  value: 403.1779644377655
numL:
  composition: 0
  errDn: -23.769111324755727
  errUp: 23.769111324755727
  error: 23.769111324755727
  value: 312.0198940900302
