rB:
  errDn: -0.016638424298726674
  errUp: 0.016638424298726674
  error: 0.016638424298726674
  value: 2.9982931224609155e-09
rC:
  errDn: -0.015090345313562622
  errUp: 0.015090345313562622
  error: 0.015090345313562622
  value: 0.03638471183548334
rL:
  errDn: -0.015768162016025544
  errUp: 0.015768162016025544
  error: 0.015768162016025544
  value: 0.599764537860388
