rB:
  errDn: -0.019386459961622665
  errUp: 0.019386459961622665
  error: 0.019386459961622665
  value: 0.3459982274266625
rC:
  errDn: -0.01938090958879518
  errUp: 0.01938090958879518
  error: 0.01938090958879518
  value: 0.8277413164193336
rL:
  errDn: -0.010537642585870921
  errUp: 0.010537642585870921
  error: 0.010537642585870921
  value: 0.6767471543107796
