numB:
  errDn: -3.408231712643022
  errUp: 3.408231712643022
  error: 3.408231712643022
  value: 3.138464282383482e-07
numC:
  errDn: -5616.3380359435905
  errUp: 5616.3380359435905
  error: 5616.3380359435905
  value: 86495.57188973595
numL:
  errDn: -68.9334708770342
  errUp: 68.9334708770342
  error: 68.9334708770342
  value: 7.311656389270328e-07
