numB:
  composition: 0
  errDn: -35.090191953847466
  errUp: 35.090191953847466
  error: 35.090191953847466
  value: 61.79320132884848
numC:
  composition: 0
  errDn: -77.58861395979466
  errUp: 77.58861395979466
  error: 77.58861395979466
  value: 841.8118869569951
numL:
  composition: 0
  errDn: -77.35566356293293
  errUp: 77.35566356293293
  error: 77.35566356293293
  value: 6046.803097917581
