numB:
  composition: 0
  errDn: -6.843945315662829
  errUp: 6.843945315662829
  error: 6.843945315662829
  value: 59.954752960720334
numC:
  composition: 0
  errDn: -26.9005488619392
  errUp: 26.9005488619392
  error: 26.9005488619392
  value: 359.6866293180211
numL:
  composition: 0
  errDn: -31.319395046584077
  errUp: 31.319395046584077
  error: 31.319395046584077
  value: 1381.2892686311513
