numB:
  composition: 0
  errDn: -5.606808389626392
  errUp: 5.606808389626392
  error: 5.606808389626392
  value: 17.912582631355267
numC:
  composition: 0
  errDn: -10.978531281729275
  errUp: 10.978531281729275
  error: 10.978531281729275
  value: 41.405134878634456
numL:
  composition: 0
  errDn: -10.56539699289781
  errUp: 10.56539699289781
  error: 10.56539699289781
  value: 100.9832965158126
