nFAKE:
  composition: 0.050266997425299026
  error: 35.11975120487182
  value: 672.974551068918
nSIGN:
  composition: 0.9497330025747011
  error: 115.5583593889778
  value: 12715.025240822664
