nB:
  composition: 0.022082930328562043
  error: 20.987972116393337
  value: 280.4917317883104
nC:
  composition: 0.10021103618855635
  error: 91.6795098175229
  value: 1272.8549457258343
nFAKE:
  error: 35.411276762729415
  value: 685.6184093037399
nL:
  composition: 0.8777060334828817
  error: 100.07994630532357
  value: 11148.397502945578
