nB:
  composition: 0.0452504142484624
  error: 7.4032213725179545
  value: 50.22816936054699
nC:
  composition: 0.1115469598553943
  error: 28.869777989479026
  value: 123.81764198901811
nL:
  composition: 0.8432026258961433
  error: 30.136741345499388
  value: 935.9588194313285
