numB:
  composition: 0
  errDn: -5.040913233445048
  errUp: 5.040913233445048
  error: 5.040913233445048
  value: 2.4054802858090314
numC:
  composition: 0
  errDn: -8.831370080317939
  errUp: 8.831370080317939
  error: 8.831370080317939
  value: 29.708353923909012
numL:
  composition: 0
  errDn: -7.692383549349621
  errUp: 7.692383549349621
  error: 7.692383549349621
  value: 36.961773675303945
