numB:
  composition: 0
  errDn: -34.855460860674626
  errUp: 34.855460860674626
  error: 34.855460860674626
  value: 84.56053224721197
numC:
  composition: 0
  errDn: -73.67515311834342
  errUp: 73.67515311834342
  error: 73.67515311834342
  value: 784.652544285976
numL:
  composition: 0
  errDn: -77.87624899548837
  errUp: 77.87624899548837
  error: 77.87624899548837
  value: 5231.3733245692665
