numB:
  composition: 0
  errDn: -42.89331444893646
  errUp: 42.89331444893646
  error: 42.89331444893646
  value: 143.7123006703773
numC:
  composition: 0
  errDn: -105.88535027103501
  errUp: 105.88535027103501
  error: 105.88535027103501
  value: 1256.1894071102813
numL:
  composition: 0
  errDn: -124.08366883560302
  errUp: 124.08366883560302
  error: 124.08366883560302
  value: 16147.679141020053
