rB:
  errDn: -0.008790877036235633
  errUp: 0.008790877036235633
  error: 0.008790877036235633
  value: 4.080156351671249e-14
rC:
  errDn: -0.0037294348179690573
  errUp: 0.0037294348179690573
  error: 0.0037294348179690573
  value: 0.7449843588976431
rL:
  errDn: -0.000823050287133414
  errUp: 0.000823050287133414
  error: 0.000823050287133414
  value: 5.316981663977538e-13
