numB:
  composition: 0
  errDn: -15.466268737178183
  errUp: 15.466268737178183
  error: 15.466268737178183
  value: 352.8863978464046
numC:
  composition: 0
  errDn: -19.946078926336497
  errUp: 19.946078926336497
  error: 19.946078926336497
  value: 259.40143930477103
numL:
  composition: 0
  errDn: -15.723075342273546
  errUp: 15.723075342273546
  error: 15.723075342273546
  value: 165.19528996272447
