numB:
  composition: 0
  errDn: -45.77230498333506
  errUp: 45.77230498333506
  error: 45.77230498333506
  value: 2368.101596404034
numC:
  composition: 0
  errDn: -162.79938562430925
  errUp: 162.79938562430925
  error: 162.79938562430925
  value: 13349.792301502288
numL:
  composition: 0
  errDn: -208.07173855369183
  errUp: 208.07173855369183
  error: 208.07173855369183
  value: 70479.02277072126
