numB:
  composition: 0
  errDn: -2.878530692296299
  errUp: 2.878530692296299
  error: 2.878530692296299
  value: 9.276571782590844
numC:
  composition: 0
  errDn: -6.92599344092602
  errUp: 6.92599344092602
  error: 6.92599344092602
  value: 21.700568759134732
numL:
  composition: 0
  errDn: -7.093845261066004
  errUp: 7.093845261066004
  error: 7.093845261066004
  value: 60.0172246203847
