numC:
  errDn: 4.759044005950251
  errUp: 5.054258674993161
  error: 5.054258674993161
  value: 24.939184188842773
