numB:
  errDn: 2.632178315705225
  errUp: 2.950424678587096
  error: 2.950424678587096
  value: 10.968239784240723
