numB:
  errDn: 2.4013885756414686
  errUp: 2.7316822548945545
  error: 2.7316822548945545
  value: 8.811779975891113
