numL:
  errDn: 5.127740980664221
  errUp: 5.4422906106219315
  error: 5.4422906106219315
  value: 58.126708984375
