numC:
  errDn: 4.669304058745773
  errUp: 4.958689771445272
  error: 4.958689771445272
  value: 21.20279884338379
