nB:
  composition: 0.031817579911197394
  error: 33.686172745657586
  value: 1141.450905451769
nC:
  composition: 0.1397853558879196
  error: 129.91705868024656
  value: 5014.7786692919135
nFAKE:
  error: 77.59435985866776
  value: 3081.150549271549
nL:
  composition: 0.8283970642008831
  error: 155.60369770668876
  value: 29718.620386741422
