nB:
  composition: 0.048913548897900255
  error: 16.408412450085564
  value: 339.41094241595397
nC:
  composition: 0.14233444461136147
  error: 57.388736699585934
  value: 987.658206617419
nL:
  composition: 0.8087520064907383
  error: 63.92487546355733
  value: 5611.927306211037
