numB:
  composition: 0
  errDn: -27.253294760904048
  errUp: 27.253294760904048
  error: 27.253294760904048
  value: 39.7207770674846
numC:
  composition: 0
  errDn: -46.33788181429031
  errUp: 46.33788181429031
  error: 46.33788181429031
  value: 971.2374644268882
numL:
  composition: 0
  errDn: -35.21568648141562
  errUp: 35.21568648141562
  error: 35.21568648141562
  value: 569.1290353761857
