numB:
  errDn: -83.91560072324864
  errUp: 83.91560072324864
  error: 83.91560072324864
  value: 17113.360249615245
numC:
  errDn: -59.67495455286232
  errUp: 59.67495455286232
  error: 59.67495455286232
  value: 168.86248131086398
numL:
  errDn: -36.16716883965884
  errUp: 36.16716883965884
  error: 36.16716883965884
  value: 115.79065803341082
