rB:
  errDn: -0.0024104705753428676
  errUp: 0.0024104705753428676
  error: 0.0024104705753428676
  value: 1.3079027335986815e-12
rC:
  errDn: -0.0003177255849352383
  errUp: 0.0003177255849352383
  error: 0.0003177255849352383
  value: 2.52844837081434e-12
rL:
  errDn: -0.0019380943421172248
  errUp: 0.0019380943421172248
  error: 0.0019380943421172248
  value: 0.6919712839226688
