numB:
  errDn: 15.43048951573246
  errUp: 15.773931184233788
  error: 15.773931184233788
  value: 246.61544799804688
