numB:
  errDn: 135.1764736794264
  errUp: 1.957178738774303
  error: 135.1764736794264
  value: 279.0
