numC:
  errDn: 59.0334962835484
  errUp: 59.43801535001876
  error: 59.43801535001876
  value: 1390.4085693359375
