numC:
  errDn: 0.9994773123273717
  errUp: 1038.277587890625
  error: 1038.277587890625
  value: 1736.25
