numL:
  errDn: 81.8187118464557
  errUp: 82.9171674597892
  error: 82.9171674597892
  value: 16973.17578125
