numB:
  composition: 0
  errDn: -12.071722612281064
  errUp: 12.071722612281064
  error: 12.071722612281064
  value: 168.0683846171834
numC:
  composition: 0
  errDn: -28.556805957564762
  errUp: 28.556805957564762
  error: 28.556805957564762
  value: 390.53348506148257
numL:
  composition: 0
  errDn: -26.771410853737677
  errUp: 26.771410853737677
  error: 26.771410853737677
  value: 648.8132006455272
