emptyFAKE: 0
nB:
  composition: 0.1
  value: 106.27456685477644
nC:
  composition: 0.2
  value: 212.54913370955288
nDATA:
  value: 1328.4320856847055
nFAKE:
  composition: 0.2
  value: 265.6864171369411
nL:
  composition: 0.7
  value: 743.921967983435
nSIGN:
  value: 1062.7456685477644
