numC:
  errDn: 18.131787060459885
  errUp: 18.454527259623774
  error: 18.454527259623774
  value: 373.4195556640625
