numC:
  errDn: 18.503559601349025
  errUp: 18.873252542925172
  error: 18.873252542925172
  value: 365.9537658691406
