numB:
  errDn: 11.501409957381725
  errUp: 11.885035496572101
  error: 11.885035496572101
  value: 207.31723022460938
