numB:
  errDn: 10.89414377375769
  errUp: 11.212653959867794
  error: 11.212653959867794
  value: 172.2473907470703
