numL:
  errDn: 18.668603047043234
  errUp: 18.9006891662915
  error: 18.9006891662915
  value: 650.7086791992188
