numB:
  composition: 0
  errDn: -36.63974157718155
  errUp: 36.63974157718155
  error: 36.63974157718155
  value: 2014.4913784324676
numC:
  composition: 0
  errDn: -44.108226333943435
  errUp: 44.108226333943435
  error: 44.108226333943435
  value: 1468.5120118918226
numL:
  composition: 0
  errDn: -34.435264589697425
  errUp: 34.435264589697425
  error: 34.435264589697425
  value: 477.0722162747507
