numB:
  composition: 0
  errDn: -2.0575552933544983
  errUp: 2.0575552933544983
  error: 2.0575552933544983
  value: 3.3568041577509016
numC:
  composition: 0
  errDn: -8.914067941684273
  errUp: 8.914067941684273
  error: 8.914067941684273
  value: 22.706006060512266
numL:
  composition: 0
  errDn: -12.57314951794396
  errUp: 12.57314951794396
  error: 12.57314951794396
  value: 269.9999937601219
