numB:
  errDn: 1.6582509645390495
  errUp: 2.034175498900038
  error: 2.034175498900038
  value: 2.966597080230713
