numL:
  errDn: 10.16269421709768
  errUp: 10.39209510812725
  error: 10.39209510812725
  value: 266.54998779296875
