numB:
  errDn: 2.2424999475479126
  errUp: 1.4065338403298329
  error: 10
  value: 3.75
