numC:
  errDn: 0.933241805012095
  errUp: 16.44499969482422
  error: 16.44499969482422
  value: 27.5
