numC:
  errDn: 6.568824095672316
  errUp: 7.120871209667431
  error: 7.120871209667431
  value: 23.568113327026367
