rB:
  errDn: -0.009082046786739777
  errUp: 0.009082046786739777
  error: 0.009082046786739777
  value: 1.5931391405751838e-13
rC:
  errDn: -0.006900901355654687
  errUp: 0.006900901355654687
  error: 0.006900901355654687
  value: 0.7446826565999516
rL:
  errDn: -0.0024955652825888876
  errUp: 0.0024955652825888876
  error: 0.0024955652825888876
  value: 0.009179254173340097
