numB:
  composition: 0
  errDn: -20.583007604832318
  errUp: 20.583007604832318
  error: 20.583007604832318
  value: 407.3257699306232
numC:
  composition: 0
  errDn: -77.22176206915242
  errUp: 77.22176206915242
  error: 77.22176206915242
  value: 2353.8755175651713
numL:
  composition: 0
  errDn: -111.82653017917437
  errUp: 111.82653017917437
  error: 111.82653017917437
  value: 24184.773826621124
