numB:
  composition: 0
  errDn: -24.522323465702527
  errUp: 24.522323465702527
  error: 24.522323465702527
  value: 612.7125427441615
numC:
  composition: 0
  errDn: -99.4486788156346
  errUp: 99.4486788156346
  error: 99.4486788156346
  value: 3108.4959806089696
numL:
  composition: 0
  errDn: -122.20273467103652
  errUp: 122.20273467103652
  error: 122.20273467103652
  value: 23125.67923372031
