rB:
  errDn: -0.0522019849632607
  errUp: 0.0522019849632607
  error: 0.0522019849632607
  value: 0.45396957340113187
rC:
  errDn: -0.005484048283083698
  errUp: 0.005484048283083698
  error: 0.005484048283083698
  value: 0.010672741489502105
rL:
  errDn: -0.0006968954671609418
  errUp: 0.0006968954671609418
  error: 0.0006968954671609418
  value: 0.0005414322020111347
