numB:
  composition: 0
  errDn: -23.95687961177623
  errUp: 23.95687961177623
  error: 23.95687961177623
  value: 512.4255355711877
numC:
  composition: 0
  errDn: -88.61609600516022
  errUp: 88.61609600516022
  error: 88.61609600516022
  value: 2276.228714362678
numL:
  composition: 0
  errDn: -107.8008171225265
  errUp: 107.8008171225265
  error: 107.8008171225265
  value: 17737.397035005728
