nFAKE:
  composition: 0.05581833096835359
  error: 13.445670301133092
  value: 116.38142831575901
nSIGN:
  composition: 0.9441816690316465
  error: 45.018361236100986
  value: 1968.622302479092
