nFAKE:
  composition: 0.10062021254968115
  error: 32.28025428893301
  value: 726.7794574248658
nSIGN:
  composition: 0.8993797874503189
  error: 82.50494883396914
  value: 6496.217185183288
