numB:
  composition: 0
  errDn: -49.61752821901837
  errUp: 49.61752821901837
  error: 49.61752821901837
  value: 3411.1368453384457
numC:
  composition: 0
  errDn: -100.63668053563697
  errUp: 100.63668053563697
  error: 100.63668053563697
  value: 8134.111038812954
numL:
  composition: 0
  errDn: -85.08741329888426
  errUp: 85.08741329888426
  error: 85.08741329888426
  value: 5396.329748455718
