numB:
  composition: 0
  errDn: -12.00891262082611
  errUp: 12.00891262082611
  error: 12.00891262082611
  value: 109.78935049189863
numC:
  composition: 0
  errDn: -54.58896214286108
  errUp: 54.58896214286108
  error: 54.58896214286108
  value: 625.3100322943957
numL:
  composition: 0
  errDn: -70.4016073711582
  errUp: 70.4016073711582
  error: 70.4016073711582
  value: 7387.172541646075
