numB:
  composition: 0
  errDn: -10.091593421122699
  errUp: 10.091593421122699
  error: 10.091593421122699
  value: 61.78149720448623
numC:
  composition: 0
  errDn: -40.414468500307976
  errUp: 40.414468500307976
  error: 40.414468500307976
  value: 342.08337518721
numL:
  composition: 0
  errDn: -53.619734952221734
  errUp: 53.619734952221734
  error: 53.619734952221734
  value: 3512.7661796288116
