numB:
  composition: 0
  errDn: -0.5495880543207102
  errUp: 0.5495880543207102
  error: 0.5495880543207102
  value: 0.4816652397314026
numC:
  composition: 0
  errDn: -0.5581725108881056
  errUp: 0.5581725108881056
  error: 0.5581725108881056
  value: 0.1453220409334768
numL:
  composition: 0
  errDn: -1.2618316777917067
  errUp: 1.2618316777917067
  error: 1.2618316777917067
  value: 4.369706981566663
