numB:
  composition: 0
  errDn: -22.576239062175148
  errUp: 22.576239062175148
  error: 22.576239062175148
  value: 312.0017637615303
numC:
  composition: 0
  errDn: -39.30519257629305
  errUp: 39.30519257629305
  error: 39.30519257629305
  value: 664.5390398846623
numL:
  composition: 0
  errDn: -35.742246319178435
  errUp: 35.742246319178435
  error: 35.742246319178435
  value: 1053.9657362434025
