emptyFAKE: 0
nB:
  composition: 0.1
  value: 33.00974941947986
nC:
  composition: 0.2
  value: 66.01949883895972
nDATA:
  value: 412.62186774349817
nFAKE:
  composition: 0.2
  value: 82.52437354869964
nL:
  composition: 0.7
  value: 231.06824593635898
nSIGN:
  value: 330.09749419479857
