numB:
  errDn: 2.0797546142361405
  errUp: 2.459382980174418
  error: 2.459382980174418
  value: 6.738753318786621
