numL:
  errDn: 11.299569742231483
  errUp: 11.52766456563728
  error: 11.52766456563728
  value: 283.16558837890625
