numB:
  errDn: 1.8370039761152688
  errUp: 4.090890100649727
  error: 4.090890100649727
  value: 9.0
