numC:
  errDn: 10.24767702627706
  errUp: 10.542575167610124
  error: 10.542575167610124
  value: 89.01139831542969
