numC:
  errDn: 8.952790686217632
  errUp: 9.251532006079756
  error: 9.251532006079756
  value: 51.429073333740234
