nB:
  composition: 0.030751787918917816
  error: 38.47319227963624
  value: 1429.2456641344397
nC:
  composition: 0.13219533347762058
  error: 150.28916836347935
  value: 6144.0202335508475
nFAKE:
  error: 78.6097709302287
  value: 3784.1643822536503
nL:
  composition: 0.8370528786034616
  error: 170.72483134009963
  value: 38903.56556014353
