nFAKE:
  composition: 0.07401731950268098
  error: 79.504866602339
  value: 3720.1885895039254
nSIGN:
  composition: 0.925982680497319
  error: 222.51602183135037
  value: 46540.866721600345
