nB:
  composition: 0.04835813077771605
  error: 19.510949116292096
  value: 448.23100431364645
nC:
  composition: 0.15501707629307862
  error: 70.14897686009931
  value: 1436.8516457346302
nL:
  composition: 0.7966247929292054
  error: 76.00646375890256
  value: 7383.906806429974
