numB:
  composition: 0
  errDn: -14.004469040895628
  errUp: 14.004469040895628
  error: 14.004469040895628
  value: 291.15982485344773
numC:
  composition: 0
  errDn: -16.86749458655916
  errUp: 16.86749458655916
  error: 16.86749458655916
  value: 193.76498558683443
numL:
  composition: 0
  errDn: -13.398752068108799
  errUp: 13.398752068108799
  error: 13.398752068108799
  value: 98.43812091525636
