numB:
  composition: 0
  errDn: -0.9626272157614713
  errUp: 0.9626272157614713
  error: 0.9626272157614713
  value: 1.532459726464247
numC:
  composition: 0
  errDn: -2.2764631887403226
  errUp: 2.2764631887403226
  error: 2.2764631887403226
  value: 2.245569688349825
numL:
  composition: 0
  errDn: -3.20536619787414
  errUp: 3.20536619787414
  error: 3.20536619787414
  value: 18.999438631100656
