rB:
  errDn: -0.03365083362618704
  errUp: 0.03365083362618704
  error: 0.03365083362618704
  value: 0.5032768374681829
rC:
  errDn: -0.03829814506137763
  errUp: 0.03829814506137763
  error: 0.03829814506137763
  value: 1.0347092778102482
rL:
  errDn: -0.034772559483596616
  errUp: 0.034772559483596616
  error: 0.034772559483596616
  value: 0.3597882764696221
