numB:
  composition: 0
  errDn: -25.711458418151523
  errUp: 25.711458418151523
  error: 25.711458418151523
  value: 323.65066189399806
numC:
  composition: 0
  errDn: -56.21276395677927
  errUp: 56.21276395677927
  error: 56.21276395677927
  value: 874.1824505768437
numL:
  composition: 0
  errDn: -52.17996076518568
  errUp: 52.17996076518568
  error: 52.17996076518568
  value: 1886.1336094548042
