numB:
  composition: 0
  errDn: -36.08391463136945
  errUp: 36.08391463136945
  error: 36.08391463136945
  value: 2014.8768260374952
numC:
  composition: 0
  errDn: -44.36397988380679
  errUp: 44.36397988380679
  error: 44.36397988380679
  value: 1471.2943183778068
numL:
  composition: 0
  errDn: -34.60762861820285
  errUp: 34.60762861820285
  error: 34.60762861820285
  value: 475.2293553251973
