numB:
  composition: 0
  errDn: -1.2481117478430392
  errUp: 1.2481117478430392
  error: 1.2481117478430392
  value: 0.6478886172964811
numC:
  composition: 0
  errDn: -4.903356720919723
  errUp: 4.903356720919723
  error: 4.903356720919723
  value: 4.320156312797428
numL:
  composition: 0
  errDn: -7.63994940287354
  errUp: 7.63994940287354
  error: 7.63994940287354
  value: 73.8742613599009
