numB:
  composition: 0
  errDn: -14.15633164916352
  errUp: 14.15633164916352
  error: 14.15633164916352
  value: 90.29397827826011
numC:
  composition: 0
  errDn: -58.02346436015068
  errUp: 58.02346436015068
  error: 58.02346436015068
  value: 397.4871112973525
numL:
  composition: 0
  errDn: -65.76707933113835
  errUp: 65.76707933113835
  error: 65.76707933113835
  value: 3541.9377257189904
