emptyFAKE: 0
nB:
  composition: 0.1
  value: 147.68000000000004
nC:
  composition: 0.2
  value: 295.36000000000007
nDATA:
  value: 1846.0
nFAKE:
  composition: 0.2
  value: 369.20000000000005
nL:
  composition: 0.7
  value: 1033.76
nSIGN:
  value: 1476.8000000000002
