numB:
  composition: 0
  errDn: -7.114027668163612
  errUp: 7.114027668163612
  error: 7.114027668163612
  value: 48.23184380282369
numC:
  composition: 0
  errDn: -33.18674250782354
  errUp: 33.18674250782354
  error: 33.18674250782354
  value: 286.4279568610173
numL:
  composition: 0
  errDn: -36.47672697298742
  errUp: 36.47672697298742
  error: 36.47672697298742
  value: 1409.9083083941155
