numSIGN:
  errDn: 41.733075325596474
  errUp: 42.62670230113213
  error: 42.62670230113213
  value: 1738.690185546875
