numL:
  errDn: 23.97108367029091
  errUp: 24.202458306636345
  error: 24.202458306636345
  value: 1243.2825927734375
