numB:
  errDn: 7.181439502989548
  errUp: 7.418713188697936
  error: 7.418713188697936
  value: 60.0
