numFAKE:
  errDn: 11.995137313333728
  errUp: 12.964957054960209
  error: 12.964957054960209
  value: 101.5841293334961
