numFAKE:
  errDn: 52.65465708556084
  errUp: 3.176737884332809
  error: 52.65465708556084
  value: 123.75
