numC:
  errDn: 22.70528935665186
  errUp: 23.00690473810272
  error: 23.00690473810272
  value: 485.5523376464844
