numB:
  errDn: 1.7552566528320312
  errUp: 5.509840593983711
  error: 5.509840593983711
  value: 31.800256729125977
