numC:
  errDn: 20.84128730506373
  errUp: 20.709849719934994
  error: 20.84128730506373
  value: 273.921630859375
