numSIGN:
  errDn: 41.65663029365601
  errUp: 42.33351097595187
  error: 42.33351097595187
  value: 1669.0760498046875
