numL:
  errDn: 53.647015389539774
  errUp: 54.266694236976036
  error: 54.266694236976036
  value: 7253.62841796875
