numB:
  errDn: 10.236178206828214
  errUp: 10.609789196326915
  error: 10.609789196326915
  value: 95.18144989013672
