numB:
  errDn: 43.77703795204421
  errUp: 2.681443753035964
  error: 43.77703795204421
  value: 109.0
