numC:
  errDn: 38.80102745824752
  errUp: 39.238819664185485
  error: 39.238819664185485
  value: 626.4566650390625
