numB:
  composition: 0
  errDn: -25.375232707819634
  errUp: 25.375232707819634
  error: 25.375232707819634
  value: 680.8437453701208
numC:
  composition: 0
  errDn: -63.18203543218806
  errUp: 63.18203543218806
  error: 63.18203543218806
  value: 1888.5999191438182
numL:
  composition: 0
  errDn: -58.34270393478255
  errUp: 58.34270393478255
  error: 58.34270393478255
  value: 2599.1802198970227
