numB:
  composition: 0
  errDn: -25.375452170344943
  errUp: 25.375452170344943
  error: 25.375452170344943
  value: 283.1086927235697
numC:
  composition: 0
  errDn: -105.38237577269945
  errUp: 105.38237577269945
  error: 105.38237577269945
  value: 1372.7217470904611
numL:
  composition: 0
  errDn: -131.31363304931256
  errUp: 131.31363304931256
  error: 131.31363304931256
  value: 17286.867838029157
