numB:
  composition: 0
  errDn: -3.279242004591021
  errUp: 3.279242004591021
  error: 3.279242004591021
  value: 15.302481236292477
numC:
  composition: 0
  errDn: -4.273455426698321
  errUp: 4.273455426698321
  error: 4.273455426698321
  value: 14.265020692488468
numL:
  composition: 0
  errDn: -3.5655934180845326
  errUp: 3.5655934180845326
  error: 3.5655934180845326
  value: 10.748182465703698
