emptyFAKE: 0
nB:
  composition: 0.1
  value: 3039.6800000000003
nC:
  composition: 0.2
  value: 6079.360000000001
nDATA:
  value: 37996.0
nFAKE:
  composition: 0.2
  value: 7599.200000000001
nL:
  composition: 0.7
  value: 21277.760000000002
nSIGN:
  value: 30396.800000000003
