numB:
  composition: 0
  errDn: -30.24324716097817
  errUp: 30.24324716097817
  error: 30.24324716097817
  value: 978.6860337046985
numC:
  composition: 0
  errDn: -110.61486418623099
  errUp: 110.61486418623099
  error: 110.61486418623099
  value: 5842.7034500097025
numL:
  composition: 0
  errDn: -134.84154696737278
  errUp: 134.84154696737278
  error: 134.84154696737278
  value: 27746.13776771699
