numFAKE:
  composition: 0
  errDn: -75.60571026063712
  errUp: 75.60571026063712
  error: 75.60571026063712
  value: 3231.7998359491553
numSIGN:
  composition: 0
  errDn: -192.38409072332797
  errUp: 192.38409072332797
  error: 192.38409072332797
  value: 34764.199357040714
