numSIGN:
  errDn: 188.57484974463296
  errUp: 189.56925699370913
  error: 189.56925699370913
  value: 33071.546875
