numC:
  errDn: 93.7869564054563
  errUp: 94.14486753224173
  error: 94.14486753224173
  value: 7853.91162109375
