numB:
  errDn: 25.282003860062787
  errUp: 25.641167810381376
  error: 25.641167810381376
  value: 795.4334106445312
