numFAKE:
  errDn: 76.20674120744343
  errUp: 77.49673204759483
  error: 77.49673204759483
  value: 3354.52880859375
