numFAKE:
  errDn: 399.5631871584719
  errUp: 13.308545238173338
  error: 399.5631871584719
  value: 3231.0
