numL:
  errDn: 108.0626363492047
  errUp: 108.28346333177979
  error: 108.28346333177979
  value: 26296.474609375
