numB:
  errDn: 4.26692604984521
  errUp: 195.9483320204156
  error: 195.9483320204156
  value: 978.0
