numSIGN:
  errDn: 189.82583352548681
  errUp: 190.64004256118642
  error: 190.64004256118642
  value: 34764.48046875
