numC:
  errDn: 83.22692354752235
  errUp: 83.60299426955771
  error: 83.60299426955771
  value: 5843.42138671875
