nFAKE:
  composition: 0.06761889958033915
  error: 23.926669378675143
  value: 321.25737818620905
nSIGN:
  composition: 0.9323811004196608
  error: 68.36877285553237
  value: 4429.7424189122
