nFAKE:
  composition: 0.0566582459057673
  error: 30.48240061931881
  value: 493.66325765932936
nSIGN:
  composition: 0.9433417540942327
  error: 92.90865737972672
  value: 8219.33605545705
