nFAKE:
  composition: 0.062473542091824284
  error: 58.75207775981971
  value: 1890.8865560024174
nSIGN:
  composition: 0.9375264579081757
  error: 172.96553283426692
  value: 28376.1111631788
