numB:
  composition: 0
  errDn: -3.1552368097202232
  errUp: 3.1552368097202232
  error: 3.1552368097202232
  value: 4.292338812474763
numC:
  composition: 0
  errDn: -11.61520457494256
  errUp: 11.61520457494256
  error: 11.61520457494256
  value: 19.021929488113102
numL:
  composition: 0
  errDn: -15.576247883886737
  errUp: 15.576247883886737
  error: 15.576247883886737
  value: 273.0204119483438
