rB:
  errDn: -0.009998331237426938
  errUp: 0.009998331237426938
  error: 0.009998331237426938
  value: 0.5262014390368294
rC:
  errDn: -0.005143326955416373
  errUp: 0.005143326955416373
  error: 0.005143326955416373
  value: 0.02341409165511648
rL:
  errDn: -0.0018613437328893296
  errUp: 0.0018613437328893296
  error: 0.0018613437328893296
  value: 1.2358674684759957e-10
