numB:
  composition: 0
  errDn: -89.5869569754347
  errUp: 89.5869569754347
  error: 89.5869569754347
  value: 717.5870769211434
numC:
  composition: 0
  errDn: -189.09813522173954
  errUp: 189.09813522173954
  error: 189.09813522173954
  value: 13964.026372776812
numL:
  composition: 0
  errDn: -144.50407215903033
  errUp: 144.50407215903033
  error: 144.50407215903033
  value: 19412.247787059623
