nFAKE:
  composition: 0.026562677053320174
  error: 5.449493284745525
  value: 12.750086404248549
nSIGN:
  composition: 0.9734373229466797
  error: 21.70914788022617
  value: 467.2499670035786
