nB:
  composition: 0.017194718147374857
  error: 4.53466778356945
  value: 8.01729511500835
nC:
  composition: 0.18799543569919713
  error: 22.054050973541123
  value: 87.65569027400127
nFAKE:
  error: 5.752473557896583
  value: 13.73307667778259
nL:
  composition: 0.7948098461534281
  error: 21.690783188733292
  value: 370.5920063539555
