nB:
  composition: 6.526993456997438e-09
  error: 0.27991502800137835
  value: 1.8271522252122883e-07
nC:
  composition: 5.4134608717860114e-08
  error: 5.68687718606239
  value: 1.5154323568961634e-06
nL:
  composition: 0.9999999393383979
  error: 14.263446837166589
  value: 27.99377885717749
