rB:
  errDn: -0.0010351592089387594
  errUp: 0.0010351592089387594
  error: 0.0010351592089387594
  value: 2.6448499423556426e-13
rC:
  errDn: -0.008008598235187236
  errUp: 0.008008598235187236
  error: 0.008008598235187236
  value: 0.714941565233469
rL:
  errDn: -0.0053241516380821184
  errUp: 0.0053241516380821184
  error: 0.0053241516380821184
  value: 0.00915285367902131
