numB:
  composition: 0
  errDn: -24.435519761633884
  errUp: 24.435519761633884
  error: 24.435519761633884
  value: 26.653177370324094
numC:
  composition: 0
  errDn: -42.75676458395424
  errUp: 42.75676458395424
  error: 42.75676458395424
  value: 625.8283952212735
numL:
  composition: 0
  errDn: -33.581534810680324
  errUp: 33.581534810680324
  error: 33.581534810680324
  value: 504.2828168989224
