nB:
  composition: 0.02893258757615083
  error: 25.037951762737066
  value: 414.60305473076977
nC:
  composition: 0.1321543305760115
  error: 106.16975012880266
  value: 1893.7673309897493
nL:
  composition: 0.8389130818478377
  error: 109.3520683255847
  value: 12021.597635270718
