nB:
  composition: 0.02828367447092595
  error: 40.87386506734305
  value: 817.0009271344059
nC:
  composition: 0.16842225439778039
  error: 182.60886017661187
  value: 4865.037537272595
nFAKE:
  error: 65.24498659464257
  value: 3087.342537715155
nL:
  composition: 0.8032940711312937
  error: 174.8443393998241
  value: 23203.91579780308
