rB:
  errDn: -0.001873058660163185
  errUp: 0.001873058660163185
  error: 0.001873058660163185
  value: 1.9999999999991815
rC:
  errDn: -0.00015449268743527073
  errUp: 0.00015449268743527073
  error: 0.00015449268743527073
  value: 9.39546834430316e-14
rL:
  errDn: -0.0012705442637831327
  errUp: 0.0012705442637831327
  error: 0.0012705442637831327
  value: 0.23785859302510212
