numB:
  composition: 0
  errDn: -7.941135360463381
  errUp: 7.941135360463381
  error: 7.941135360463381
  value: 62.64881473836384
numC:
  composition: 0
  errDn: -32.98195783799105
  errUp: 32.98195783799105
  error: 32.98195783799105
  value: 336.66781955672275
numL:
  composition: 0
  errDn: -45.06794608237601
  errUp: 45.06794608237601
  error: 45.06794608237601
  value: 3517.9644988124114
