numB:
  errDn: 31.26155945314629
  errUp: 1.6178313365776518
  error: 31.26155945314629
  value: 62.0
