numL:
  errDn: 37.13457030323934
  errUp: 37.35896744494494
  error: 37.35896744494494
  value: 3518.677734375
