numB:
  errDn: 7.124855378354731
  errUp: 7.479447452490959
  error: 7.479447452490959
  value: 62.743621826171875
