numC:
  errDn: 1.0139913664813776
  errUp: 334.8800048828125
  error: 334.8800048828125
  value: 336.0
