numC:
  errDn: 25.287401395210054
  errUp: 25.713162969737084
  error: 25.713162969737084
  value: 337.915771484375
