numB:
  composition: 0
  errDn: -0.45668739642011524
  errUp: 0.45668739642011524
  error: 0.45668739642011524
  value: 0.041660180219377084
numC:
  composition: 0
  errDn: -0.8572623878898733
  errUp: 0.8572623878898733
  error: 0.8572623878898733
  value: 0.49898052423216294
numL:
  composition: 0
  errDn: -1.591904875957591
  errUp: 1.591904875957591
  error: 1.591904875957591
  value: 6.392027160406796
