rB:
  errDn: -0.000603089150717312
  errUp: 0.000603089150717312
  error: 0.000603089150717312
  value: 1.1669267982461484e-14
rC:
  errDn: -0.0006338634171153624
  errUp: 0.0006338634171153624
  error: 0.0006338634171153624
  value: 8.329727966410738e-13
rL:
  errDn: -0.003136785971917966
  errUp: 0.003136785971917966
  error: 0.003136785971917966
  value: 0.655026815494621
