numB:
  composition: 0
  errDn: -22.857102351731115
  errUp: 22.857102351731115
  error: 22.857102351731115
  value: 245.66414717290743
numC:
  composition: 0
  errDn: -80.14143599717409
  errUp: 80.14143599717409
  error: 80.14143599717409
  value: 1399.9757557915939
numL:
  composition: 0
  errDn: -110.47153015450567
  errUp: 110.47153015450567
  error: 110.47153015450567
  value: 14945.148644273706
