emptyFAKE: 0
nB:
  composition: 0.1
  value: 489.14303924939395
nC:
  composition: 0.2
  value: 978.2860784987879
nDATA:
  value: 6114.287990617424
nFAKE:
  composition: 0.2
  value: 1222.8575981234849
nL:
  composition: 0.7
  value: 3424.0012747457577
nSIGN:
  value: 4891.4303924939395
