numB:
  errDn: 74.6319556131473
  errUp: 1.6342377589103307
  error: 80.0
  value: 80.0
