numL:
  errDn: 43.775218988031156
  errUp: 44.074601966920454
  error: 44.074601966920454
  value: 4337.2294921875
