numC:
  errDn: 39.41428550041246
  errUp: 39.94713342163891
  error: 39.94713342163891
  value: 1227.4068603515625
