numC:
  errDn: 33.65258851536771
  errUp: 33.63715560880837
  error: 33.65258851536771
  value: 741.1843872070312
