numB:
  errDn: 8.56389965061372
  errUp: 8.939789448334196
  error: 8.939789448334196
  value: 80.93211364746094
