numB:
  composition: 0
  errDn: -0.5971250127893476
  errUp: 0.5971250127893476
  error: 0.5971250127893476
  value: 0.5119946388905996
numC:
  composition: 0
  errDn: -0.561985622117915
  errUp: 0.561985622117915
  error: 0.561985622117915
  value: 0.1412446796238413
numL:
  composition: 0
  errDn: -1.2618921879031395
  errUp: 1.2618921879031395
  error: 1.2618921879031395
  value: 4.355476307626589
