numB:
  composition: 0
  errDn: -5.358825427900575
  errUp: 5.358825427900575
  error: 5.358825427900575
  value: 20.77197568454447
numC:
  composition: 0
  errDn: -6.3507424741150444
  errUp: 6.3507424741150444
  error: 6.3507424741150444
  value: 12.758809139607209
numL:
  composition: 0
  errDn: -5.766716670464092
  errUp: 5.766716670464092
  error: 5.766716670464092
  value: 23.820778666396905
