nFAKE:
  composition: 0.06709184104504572
  error: 151.29869709105515
  value: 12946.57608929526
nSIGN:
  composition: 0.9329081589549543
  error: 434.97546935513674
  value: 180021.389726442
