nFAKE:
  composition: 0.07433872717554939
  error: 64.36429032450405
  value: 2385.3810348650713
nSIGN:
  composition: 0.9256612728244505
  error: 177.38776911499917
  value: 29702.618390145835
