numB:
  composition: 0
  errDn: -44.99341306810115
  errUp: 44.99341306810115
  error: 44.99341306810115
  value: 130.44488000891687
numC:
  composition: 0
  errDn: -107.97101961248472
  errUp: 107.97101961248472
  error: 107.97101961248472
  value: 2363.168643721947
numL:
  composition: 0
  errDn: -107.98024866796914
  errUp: 107.98024866796914
  error: 107.98024866796914
  value: 16389.815678016592
