numB:
  composition: 0
  errDn: -9.101282220967585
  errUp: 9.101282220967585
  error: 9.101282220967585
  value: 2.729567632862629
numC:
  composition: 0
  errDn: -18.186810529903738
  errUp: 18.186810529903738
  error: 18.186810529903738
  value: 31.155993084556332
numL:
  composition: 0
  errDn: -16.75595136581802
  errUp: 16.75595136581802
  error: 16.75595136581802
  value: 240.17789230782984
