numB:
  composition: 0
  errDn: -39.275942482819914
  errUp: 39.275942482819914
  error: 39.275942482819914
  value: 771.1716415687446
numC:
  composition: 0
  errDn: -139.40509312199902
  errUp: 139.40509312199902
  error: 139.40509312199902
  value: 4187.09831186937
numL:
  composition: 0
  errDn: -158.06721143402683
  errUp: 158.06721143402683
  error: 158.06721143402683
  value: 26042.656938957425
