numB:
  composition: 0
  errDn: -22.07499684352746
  errUp: 22.07499684352746
  error: 22.07499684352746
  value: 66.79076743733563
numC:
  composition: 0
  errDn: -50.2042236990917
  errUp: 50.2042236990917
  error: 50.2042236990917
  value: 1150.909839278901
numL:
  composition: 0
  errDn: -38.552194532233955
  errUp: 38.552194532233955
  error: 38.552194532233955
  value: 620.3954875572927
