numFAKE:
  composition: 0
  errDn: -10.3406126903118
  errUp: 10.3406126903118
  error: 10.3406126903118
  value: 72.39500544195954
numSIGN:
  composition: 0
  errDn: -27.541375930486026
  errUp: 27.541375930486026
  error: 27.541375930486026
  value: 727.6043928138967
