numB:
  composition: 0
  errDn: -17.415658075068748
  errUp: 17.415658075068748
  error: 17.415658075068748
  value: 245.00004101889607
numC:
  composition: 0
  errDn: -17.80287943175186
  errUp: 17.80287943175186
  error: 17.80287943175186
  value: 194.78615075897264
numL:
  composition: 0
  errDn: -18.62026830348171
  errUp: 18.62026830348171
  error: 18.62026830348171
  value: 286.52062455039663
