numB:
  composition: 0
  errDn: -124.90037610825087
  errUp: 124.90037610825087
  error: 124.90037610825087
  value: 583.9074154729676
numC:
  composition: 0
  errDn: -289.8324949736616
  errUp: 289.8324949736616
  error: 289.8324949736616
  value: 20642.461426163314
numL:
  composition: 0
  errDn: -282.6140924870124
  errUp: 282.6140924870124
  error: 282.6140924870124
  value: 84843.71314413518
