numFAKE:
  composition: 0
  errDn: -46.383472765927195
  errUp: 46.383472765927195
  error: 46.383472765927195
  value: 1234.2105856835028
numSIGN:
  composition: 0
  errDn: -149.20312541709427
  errUp: 149.20312541709427
  error: 149.20312541709427
  value: 21458.767848626016
