numB:
  composition: 0
  errDn: -21.870938553069124
  errUp: 21.870938553069124
  error: 21.870938553069124
  value: 468.7665102029472
numC:
  composition: 0
  errDn: -94.30956694505562
  errUp: 94.30956694505562
  error: 94.30956694505562
  value: 2823.4694519062546
numL:
  composition: 0
  errDn: -113.83233916057361
  errUp: 113.83233916057361
  error: 113.83233916057361
  value: 18179.410873273493
