emptyFAKE: 0
nB:
  composition: 0.1
  value: 2697.0064765966
nC:
  composition: 0.2
  value: 5394.0129531932
nDATA:
  value: 33712.580957457496
nFAKE:
  composition: 0.2
  value: 6742.5161914915
nL:
  composition: 0.7
  value: 18879.045336176197
nSIGN:
  value: 26970.064765966
