numL:
  errDn: 103.97650735110074
  errUp: 104.23595569058307
  error: 104.23595569058307
  value: 27500.974609375
