numC:
  errDn: 68.06723371656744
  errUp: 68.48208678390438
  error: 68.48208678390438
  value: 2997.1162109375
