numB:
  errDn: 384.2149963378906
  errUp: 0.9607052543740338
  error: 384.2149963378906
  value: 300
