numB:
  errDn: 21.388849846811638
  errUp: 21.360038935748094
  error: 21.388849846811638
  value: 516.4815063476562
