rB:
  errDn: -0.0005828790056698933
  errUp: 0.0005828790056698933
  error: 0.0005828790056698933
  value: 8.574269766414844e-13
rC:
  errDn: -0.000613590913270304
  errUp: 0.000613590913270304
  error: 0.000613590913270304
  value: 7.25000625940303e-13
rL:
  errDn: -0.003166811564341343
  errUp: 0.003166811564341343
  error: 0.003166811564341343
  value: 0.6596518405957141
