numB:
  composition: 0
  errDn: -36.5303193895046
  errUp: 36.5303193895046
  error: 36.5303193895046
  value: 28.866245827938712
numC:
  composition: 0
  errDn: -80.73939331964834
  errUp: 80.73939331964834
  error: 80.73939331964834
  value: 1781.9057657898768
numL:
  composition: 0
  errDn: -69.72779111361933
  errUp: 69.72779111361933
  error: 69.72779111361933
  value: 5026.925852046884
