numB:
  composition: 0
  errDn: -11.31987106987485
  errUp: 11.31987106987485
  error: 11.31987106987485
  value: 161.29775777373504
numC:
  composition: 0
  errDn: -15.693809866619787
  errUp: 15.693809866619787
  error: 15.693809866619787
  value: 132.4723182349452
numL:
  composition: 0
  errDn: -13.90289784321756
  errUp: 13.90289784321756
  error: 13.90289784321756
  value: 202.36756283960503
