nFAKE:
  composition: 0.06639772170740633
  error: 150.03697079134145
  value: 12812.63327397124
nSIGN:
  composition: 0.9336022782925937
  error: 439.0768677953456
  value: 180155.33226003373
