nB:
  composition: 0.03358584329939071
  error: 72.8244980155464
  value: 6038.135045932306
nC:
  composition: 0.1908319656210412
  error: 301.35753097289125
  value: 34308.180659005855
nFAKE:
  error: 150.88522948963418
  value: 13185.84707453617
nL:
  composition: 0.775582191079568
  error: 336.0559616813989
  value: 139435.83215144288
