numB:
  composition: 0
  errDn: -10.388042623126385
  errUp: 10.388042623126385
  error: 10.388042623126385
  value: 74.20208922465659
numC:
  composition: 0
  errDn: -13.316414235977213
  errUp: 13.316414235977213
  error: 13.316414235977213
  value: 48.69969246540677
numL:
  composition: 0
  errDn: -11.488888716801029
  errUp: 11.488888716801029
  error: 11.488888716801029
  value: 69.90023311857856
