numB:
  composition: 0
  errDn: -11.703437569255101
  errUp: 11.703437569255101
  error: 11.703437569255101
  value: 81.71591398045432
numC:
  composition: 0
  errDn: -29.717979863883045
  errUp: 29.717979863883045
  error: 29.717979863883045
  value: 208.4003605984903
numL:
  composition: 0
  errDn: -28.725741226268212
  errUp: 28.725741226268212
  error: 28.725741226268212
  value: 572.3964898787735
