numB:
  composition: 0
  errDn: -64.54274308649295
  errUp: 64.54274308649295
  error: 64.54274308649295
  value: 210.9186756646108
numC:
  composition: 0
  errDn: -133.7551612778068
  errUp: 133.7551612778068
  error: 133.7551612778068
  value: 2415.6943428519094
numL:
  composition: 0
  errDn: -142.81333541723507
  errUp: 142.81333541723507
  error: 142.81333541723507
  value: 22752.500528907196
