numB:
  composition: 0
  errDn: -23.05470701888173
  errUp: 23.05470701888173
  error: 23.05470701888173
  value: 222.28735882285724
numC:
  composition: 0
  errDn: -90.20314726294043
  errUp: 90.20314726294043
  error: 90.20314726294043
  value: 1096.909800276172
numL:
  composition: 0
  errDn: -114.74062607851647
  errUp: 114.74062607851647
  error: 114.74062607851647
  value: 13835.15619806362
