numB:
  composition: 0
  errDn: -20.30022528773617
  errUp: 20.30022528773617
  error: 20.30022528773617
  value: 501.2040688344264
numC:
  composition: 0
  errDn: -44.518132153374154
  errUp: 44.518132153374154
  error: 44.518132153374154
  value: 1133.9113210401324
numL:
  composition: 0
  errDn: -40.74136407149206
  errUp: 40.74136407149206
  error: 40.74136407149206
  value: 1483.8353841135277
