emptyFAKE: 0
nB:
  composition: 0.1
  value: 274.5157220544788
nC:
  composition: 0.2
  value: 549.0314441089575
nDATA:
  value: 3431.4465256809845
nFAKE:
  composition: 0.2
  value: 686.289305136197
nL:
  composition: 0.7
  value: 1921.6100543813513
nSIGN:
  value: 2745.157220544788
