numC:
  errDn: 29.953284908075602
  errUp: 30.108420512647854
  error: 30.108420512647854
  value: 1062.350341796875
