numB:
  errDn: 19.650147616815957
  errUp: 19.94228659265525
  error: 19.94228659265525
  value: 622.5739135742188
