numC:
  errDn: 751.7186152995906
  errUp: 1.257066765563195
  error: 751.7186152995906
  value: 1416.25
