numL:
  errDn: 28.83676217305174
  errUp: 29.062759302547875
  error: 29.062759302547875
  value: 1273.215087890625
