numB:
  errDn: 17.5496497764305
  errUp: 17.673091649542584
  error: 17.673091649542584
  value: 442.464599609375
