numB:
  composition: 0
  errDn: -10.121899999042924
  errUp: 10.121899999042924
  error: 10.121899999042924
  value: 92.77682765490384
numC:
  composition: 0
  errDn: -43.49685385416615
  errUp: 43.49685385416615
  error: 43.49685385416615
  value: 374.64366002857656
numL:
  composition: 0
  errDn: -52.040656481975475
  errUp: 52.040656481975475
  error: 52.040656481975475
  value: 3562.536862560406
