numB:
  composition: 0
  errDn: -0.6962847117305861
  errUp: 0.6962847117305861
  error: 0.6962847117305861
  value: 0.2640893135043503
numC:
  composition: 0
  errDn: -1.632696828454074
  errUp: 1.632696828454074
  error: 1.632696828454074
  value: 1.1522459644923475
numL:
  composition: 0
  errDn: -2.4834238416936953
  errUp: 2.4834238416936953
  error: 2.4834238416936953
  value: 10.953825533639925
