nB:
  composition: 0.0345231251351702
  error: 31.580521798401264
  value: 1112.2102455877762
nC:
  composition: 0.1939913067676472
  error: 138.49060074109502
  value: 6249.698371661474
nFAKE:
  error: 54.69418328615291
  value: 1919.6135261976003
nL:
  composition: 0.7714855680971826
  error: 155.2819229638044
  value: 24854.47507435112
