nB:
  composition: 0.046406961682533235
  error: 18.8098438729823
  value: 457.66549786326345
nC:
  composition: 0.18028636973326642
  error: 73.21249891451748
  value: 1777.984340504485
nL:
  composition: 0.7733066685842004
  error: 78.89968352313326
  value: 7626.351061284355
