numB:
  composition: 0
  errDn: -14.427642912678838
  errUp: 14.427642912678838
  error: 14.427642912678838
  value: 46.126035893013125
numC:
  composition: 0
  errDn: -39.26263186232282
  errUp: 39.26263186232282
  error: 39.26263186232282
  value: 541.6145650395797
numL:
  composition: 0
  errDn: -47.974539925553245
  errUp: 47.974539925553245
  error: 47.974539925553245
  value: 3378.038928245284
