numB:
  composition: 0
  errDn: -99.11018089064639
  errUp: 99.11018089064639
  error: 99.11018089064639
  value: 36.62295618474485
numC:
  composition: 0
  errDn: -172.62650580115815
  errUp: 172.62650580115815
  error: 172.62650580115815
  value: 7574.2346372186885
numL:
  composition: 0
  errDn: -135.92605385736715
  errUp: 135.92605385736715
  error: 135.92605385736715
  value: 13551.609098556308
