numB:
  composition: 0
  errDn: -29.51749375189445
  errUp: 29.51749375189445
  error: 29.51749375189445
  value: 369.9137353531347
numC:
  composition: 0
  errDn: -110.55976737490528
  errUp: 110.55976737490528
  error: 110.55976737490528
  value: 1758.0920153430884
numL:
  composition: 0
  errDn: -127.2061579295787
  errUp: 127.2061579295787
  error: 127.2061579295787
  value: 14709.062672924396
