numB:
  composition: 0
  errDn: -12.139734272246514
  errUp: 12.139734272246514
  error: 12.139734272246514
  value: 244.72598164869126
numC:
  composition: 0
  errDn: -9.462996933995079
  errUp: 9.462996933995079
  error: 9.462996933995079
  value: 43.3889915230846
numL:
  composition: 0
  errDn: -5.855740376295775
  errUp: 5.855740376295775
  error: 5.855740376295775
  value: 13.434149766503815
