numB:
  composition: 0
  errDn: -10.71133450177993
  errUp: 10.71133450177993
  error: 10.71133450177993
  value: 122.79582035916114
numC:
  composition: 0
  errDn: -26.413177310054607
  errUp: 26.413177310054607
  error: 26.413177310054607
  value: 275.6233762927162
numL:
  composition: 0
  errDn: -25.494413421383342
  errUp: 25.494413421383342
  error: 25.494413421383342
  value: 622.9530222344958
