numB:
  composition: 0
  errDn: -21.999662425952575
  errUp: 21.999662425952575
  error: 21.999662425952575
  value: 34.34691472769988
numC:
  composition: 0
  errDn: -58.59575136531362
  errUp: 58.59575136531362
  error: 58.59575136531362
  value: 629.0617807320523
numL:
  composition: 0
  errDn: -57.39631749346472
  errUp: 57.39631749346472
  error: 57.39631749346472
  value: 4358.4214810874355
