rB:
  errDn: -0.0011018766757733348
  errUp: 0.0011018766757733348
  error: 0.0011018766757733348
  value: 8.373667427855058e-14
rC:
  errDn: -0.008114880445215467
  errUp: 0.008114880445215467
  error: 0.008114880445215467
  value: 0.7174791745189527
rL:
  errDn: -0.005380003697640608
  errUp: 0.005380003697640608
  error: 0.005380003697640608
  value: 0.0115795416618012
