numL:
  errDn: 199.63562255688885
  errUp: 199.91040295471612
  error: 199.91040295471612
  value: 92129.296875
