numB:
  errDn: 44.373391800837
  errUp: 44.71986847861626
  error: 44.71986847861626
  value: 2477.693115234375
