numB:
  errDn: 1650.8830814213552
  errUp: 1.7200153933745241
  error: 1650.8830814213552
  value: 3988.75
