numC:
  errDn: 170.06752290164877
  errUp: 172.0751293262074
  error: 172.0751293262074
  value: 24261.314453125
