numC:
  errDn: 146.52759744509603
  errUp: 146.4633227714421
  error: 146.52759744509603
  value: 15980.9755859375
