numB:
  composition: 0
  errDn: -3.2191511348739184
  errUp: 3.2191511348739184
  error: 3.2191511348739184
  value: 16.739003445677604
numC:
  composition: 0
  errDn: -2.6324656471646994
  errUp: 2.6324656471646994
  error: 2.6324656471646994
  value: 1.730644160550163
numL:
  composition: 0
  errDn: -2.0516709388827925
  errUp: 2.0516709388827925
  error: 2.0516709388827925
  value: 2.7049979296526505
