numB:
  composition: 0
  errDn: -0.3683516328839975
  errUp: 0.3683516328839975
  error: 0.3683516328839975
  value: 0.341802153069414
numC:
  composition: 0
  errDn: -0.19382639633290538
  errUp: 0.19382639633290538
  error: 0.19382639633290538
  value: 0.07782225556895825
numL:
  composition: 0
  errDn: -0.3746187242174098
  errUp: 0.3746187242174098
  error: 0.3746187242174098
  value: 0.4147417023856216
