nFAKE:
  composition: 0.04812026594804849
  error: 25.940750775768038
  value: 336.6011527929499
nSIGN:
  composition: 0.9518797340519516
  error: 83.62785701703751
  value: 6658.39661293741
