nB:
  composition: 0.03688813202733933
  error: 4.615249464696005
  value: 28.108797480390162
nC:
  composition: 0.16667555273006446
  error: 19.817503402073754
  value: 127.00695587266898
nL:
  composition: 0.7964363152425962
  error: 22.0343863914278
  value: 606.8853547420204
