nB:
  composition: 0.0333584576502505
  error: 14.04924063265318
  value: 222.1064721954275
nC:
  composition: 0.16266815580863073
  error: 61.15237587490719
  value: 1083.0731625543185
nFAKE:
  error: 25.798766057643405
  value: 336.8055858391865
nL:
  composition: 0.8039733865411188
  error: 66.97808850770843
  value: 5352.996067619984
