numB:
  composition: 0
  errDn: -4.4462940391408
  errUp: 4.4462940391408
  error: 4.4462940391408
  value: 18.323864224511805
numC:
  composition: 0
  errDn: -16.74349791823314
  errUp: 16.74349791823314
  error: 16.74349791823314
  value: 95.23365414017265
numL:
  composition: 0
  errDn: -23.648370893048593
  errUp: 23.648370893048593
  error: 23.648370893048593
  value: 1002.7095350367714
