numC:
  errDn: 1.4316883429404612
  errUp: 71.01249694824219
  error: 71.01249694824219
  value: 118.75
