numC:
  errDn: 12.876796418938824
  errUp: 13.28557330161648
  error: 13.28557330161648
  value: 91.11759948730469
