numL:
  errDn: 19.743766768720434
  errUp: 19.959805395124135
  error: 19.959805395124135
  value: 983.85595703125
