numB:
  errDn: 3.6799843971274466
  errUp: 4.0236896059836305
  error: 4.0236896059836305
  value: 15.923370361328125
