numB:
  errDn: 13.454999923706055
  errUp: 0.99813130483939
  error: 13.454999923706055
  value: 22.5
