numB:
  composition: 0
  errDn: -24.379270133021606
  errUp: 24.379270133021606
  error: 24.379270133021606
  value: 466.02545696883647
numC:
  composition: 0
  errDn: -25.299678641653472
  errUp: 25.299678641653472
  error: 25.299678641653472
  value: 219.2356200410375
numL:
  composition: 0
  errDn: -17.88955981003609
  errUp: 17.88955981003609
  error: 17.88955981003609
  value: 201.48186420071156
