numB:
  composition: 0
  errDn: -11.036283059575581
  errUp: 11.036283059575581
  error: 11.036283059575581
  value: 125.57869998129516
numC:
  composition: 0
  errDn: -46.37197792121407
  errUp: 46.37197792121407
  error: 46.37197792121407
  value: 683.0439219125938
numL:
  composition: 0
  errDn: -56.55911866373572
  errUp: 56.55911866373572
  error: 56.55911866373572
  value: 4749.619379767538
