nFAKE:
  composition: 0.03861620008679856
  error: 9.03176449947815
  value: 43.55884753929659
nSIGN:
  composition: 0.9613837999132016
  error: 33.373156286550625
  value: 1084.4352958872532
