nB:
  composition: 0.017908071939686094
  error: 2.790830418515861
  value: 2.8292901186678647
nC:
  composition: 0.051287155823811534
  error: 12.041384741136039
  value: 8.102840086615853
nL:
  composition: 0.9308047722365023
  error: 12.172731708946827
  value: 147.05752542022626
