nB:
  composition: 0.04153165514012805
  error: 9.986271045629437
  value: 44.99739341022844
nC:
  composition: 0.11422981733179956
  error: 40.99001454332497
  value: 123.76208008842839
nFAKE:
  error: 9.12263818428356
  value: 44.55146260484948
nL:
  composition: 0.8442385275280724
  error: 37.82313639862099
  value: 914.688639956176
