numB:
  composition: 0
  errDn: -45.60713837225558
  errUp: 45.60713837225558
  error: 45.60713837225558
  value: 2368.9605684167223
numC:
  composition: 0
  errDn: -162.90641145692734
  errUp: 162.90641145692734
  error: 162.90641145692734
  value: 13351.838285960328
numL:
  composition: 0
  errDn: -206.75598320042627
  errUp: 206.75598320042627
  error: 206.75598320042627
  value: 70475.78616352707
