emptyFAKE: 0
nB:
  composition: 0.1
  value: 7578.430884899733
nC:
  composition: 0.2
  value: 15156.861769799467
nDATA:
  value: 94730.38606124665
nFAKE:
  composition: 0.2
  value: 18946.077212249333
nL:
  composition: 0.7
  value: 53049.01619429813
nSIGN:
  value: 75784.30884899733
