numB:
  errDn: 1059.6800537109375
  errUp: 1.9350792048408039
  error: 1059.6800537109375
  value: 2960.0
