numC:
  errDn: 127.4979578515522
  errUp: 127.77120926262069
  error: 127.77120926262069
  value: 12758.345703125
