numC:
  errDn: 146.76865220734544
  errUp: 147.2077886778643
  error: 147.2077886778643
  value: 18505.865234375
