numB:
  errDn: 38.00703944432371
  errUp: 38.25042987654024
  error: 38.25042987654024
  value: 1902.0709228515625
