numL:
  errDn: 170.63788298791042
  errUp: 170.87916910961212
  error: 170.87916910961212
  value: 66745.71875
