numB:
  composition: 0
  errDn: -9.112512434503849
  errUp: 9.112512434503849
  error: 9.112512434503849
  value: 109.6082475568339
numC:
  composition: 0
  errDn: -13.45755475177512
  errUp: 13.45755475177512
  error: 13.45755475177512
  value: 79.66191597286792
numL:
  composition: 0
  errDn: -11.137830814920925
  errUp: 11.137830814920925
  error: 11.137830814920925
  value: 86.35398799050115
