numB:
  composition: 0
  errDn: -6.5299171988820515
  errUp: 6.5299171988820515
  error: 6.5299171988820515
  value: 23.57266088732557
numC:
  composition: 0
  errDn: -16.197069475379635
  errUp: 16.197069475379635
  error: 16.197069475379635
  value: 49.859748776742926
numL:
  composition: 0
  errDn: -16.06315007405547
  errUp: 16.06315007405547
  error: 16.06315007405547
  value: 210.58008146083196
