numB:
  composition: 0
  errDn: -0.9112195310085436
  errUp: 0.9112195310085436
  error: 0.9112195310085436
  value: 0.6398344833781207
numC:
  composition: 0
  errDn: -4.064264250895189
  errUp: 4.064264250895189
  error: 4.064264250895189
  value: 4.532503794894471
numL:
  composition: 0
  errDn: -6.255914046328257
  errUp: 6.255914046328257
  error: 6.255914046328257
  value: 73.6819027026733
