numB:
  composition: 0
  errDn: -51.18952258887089
  errUp: 51.18952258887089
  error: 51.18952258887089
  value: 3410.625544720214
numC:
  composition: 0
  errDn: -101.8701812601862
  errUp: 101.8701812601862
  error: 101.8701812601862
  value: 8135.463603222264
numL:
  composition: 0
  errDn: -86.38068583019185
  errUp: 86.38068583019185
  error: 86.38068583019185
  value: 5394.662859425653
