numB:
  composition: 0
  errDn: -26.253872338239887
  errUp: 26.253872338239887
  error: 26.253872338239887
  value: 612.8023561933137
numC:
  composition: 0
  errDn: -109.46017352021522
  errUp: 109.46017352021522
  error: 109.46017352021522
  value: 3097.8932555747515
numL:
  composition: 0
  errDn: -131.9628583947706
  errUp: 131.9628583947706
  error: 131.9628583947706
  value: 23142.52061630937
