numFAKE:
  composition: 0
  errDn: -12.306019625354665
  errUp: 12.306019625354665
  error: 12.306019625354665
  value: 99.20933512920516
numSIGN:
  composition: 0
  errDn: -42.34517590881876
  errUp: 42.34517590881876
  error: 42.34517590881876
  value: 1746.7907538555887
