numB:
  composition: 0
  errDn: -7.136685868057615
  errUp: 7.136685868057615
  error: 7.136685868057615
  value: 48.402254039404724
numC:
  composition: 0
  errDn: -33.216196846279615
  errUp: 33.216196846279615
  error: 33.216196846279615
  value: 287.1006793884196
numL:
  composition: 0
  errDn: -36.499200914993935
  errUp: 36.499200914993935
  error: 36.499200914993935
  value: 1413.3542499581808
