numB:
  composition: 0
  errDn: -68.93128959088995
  errUp: 68.93128959088995
  error: 68.93128959088995
  value: 3107.5957045773202
numC:
  composition: 0
  errDn: -226.4626990576853
  errUp: 226.4626990576853
  error: 226.4626990576853
  value: 17464.047757746026
numL:
  composition: 0
  errDn: -283.0024268148263
  errUp: 283.0024268148263
  error: 283.0024268148263
  value: 96838.38458351017
