numL:
  errDn: 12.093089349063547
  errUp: 12.241823848151284
  error: 12.241823848151284
  value: 161.6734161376953
