numB:
  errDn: 15.044743225008517
  errUp: 15.318436955449613
  error: 15.318436955449613
  value: 419.44415283203125
