numB:
  errDn: 14.542492087758205
  errUp: 14.796375566728727
  error: 14.796375566728727
  value: 405.40618896484375
