numC:
  errDn: 15.336094999701857
  errUp: 15.620360805709026
  error: 15.620360805709026
  value: 319.1328125
