numC:
  errDn: 14.970452742713803
  errUp: 15.230376295586893
  error: 15.230376295586893
  value: 274.167724609375
