numB:
  composition: 0
  errDn: -21.037295474178563
  errUp: 21.037295474178563
  error: 21.037295474178563
  value: 445.0012000166045
numC:
  composition: 0
  errDn: -49.52330868678871
  errUp: 49.52330868678871
  error: 49.52330868678871
  value: 1117.7654260401628
numL:
  composition: 0
  errDn: -46.300892377677656
  errUp: 46.300892377677656
  error: 46.300892377677656
  value: 1892.7131030596395
