emptyFAKE: 0
nB:
  composition: 0.1
  value: 26.606480140845377
nC:
  composition: 0.2
  value: 53.212960281690755
nDATA:
  value: 332.58100176056723
nFAKE:
  composition: 0.2
  value: 66.51620035211344
nL:
  composition: 0.7
  value: 186.24536098591764
nSIGN:
  value: 266.0648014084538
