numC:
  errDn: 9.188332692841612
  errUp: 9.4778179042586
  error: 9.4778179042586
  value: 76.76130676269531
