numC:
  errDn: 8.625391399434946
  errUp: 8.915710930542396
  error: 8.915710930542396
  value: 47.356040954589844
