numB:
  errDn: 3.706822976681085
  errUp: 4.090876506996597
  error: 4.090876506996597
  value: 15.932884216308594
