numB:
  errDn: 4.451970350752614
  errUp: 4.8286735920398165
  error: 4.8286735920398165
  value: 23.905170440673828
