numL:
  errDn: 9.96774032887464
  errUp: 10.196564687954407
  error: 10.196564687954407
  value: 209.45420837402344
