rB:
  errDn: -0.0023990138090934955
  errUp: 0.0023990138090934955
  error: 0.0023990138090934955
  value: 1.3274917189803892e-14
rC:
  errDn: -0.0003218371601455132
  errUp: 0.0003218371601455132
  error: 0.0003218371601455132
  value: 9.52590166036077e-13
rL:
  errDn: -0.0019000880955963306
  errUp: 0.0019000880955963306
  error: 0.0019000880955963306
  value: 0.6919713466322611
