numB:
  composition: 0
  errDn: -39.097831488242036
  errUp: 39.097831488242036
  error: 39.097831488242036
  value: 1862.720539436223
numC:
  composition: 0
  errDn: -80.04860689311545
  errUp: 80.04860689311545
  error: 80.04860689311545
  value: 4387.991415537692
numL:
  composition: 0
  errDn: -69.9582334031677
  errUp: 69.9582334031677
  error: 69.9582334031677
  value: 4060.0106904838826
