nFAKE:
  composition: 0.02423361810524679
  error: 18.111971468038618
  value: 163.4806118907083
nSIGN:
  composition: 0.9757663818947533
  error: 82.05343710299803
  value: 6582.545143764545
