nB:
  composition: 0.037137194483754625
  error: 14.707131245829231
  value: 244.3676090440113
nC:
  composition: 0.20740457719530148
  error: 63.51379942046276
  value: 1364.7493123415866
nFAKE:
  error: 18.283959444373394
  value: 165.86877861056314
nL:
  composition: 0.755458228320944
  error: 67.3096008608295
  value: 4971.014196243872
