nB:
  composition: 0.048611842963154454
  error: 5.70516894582444
  value: 39.2782967904032
nC:
  composition: 0.13186284129165907
  error: 21.34816114269109
  value: 106.54497958049703
nL:
  composition: 0.8195253157451865
  error: 23.088401647528656
  value: 662.1752358470865
