numB:
  composition: 0
  errDn: -32.59675148670476
  errUp: 32.59675148670476
  error: 32.59675148670476
  value: 667.905105033105
numC:
  composition: 0
  errDn: -70.54423037969218
  errUp: 70.54423037969218
  error: 70.54423037969218
  value: 1951.1001984659783
numL:
  composition: 0
  errDn: -62.63060603173767
  errUp: 62.63060603173767
  error: 62.63060603173767
  value: 2551.8617228311055
