numB:
  composition: 0
  errDn: -6.756881816382855
  errUp: 6.756881816382855
  error: 6.756881816382855
  value: 67.91204377318182
numC:
  composition: 0
  errDn: -5.331583897000648
  errUp: 5.331583897000648
  error: 5.331583897000648
  value: 11.179447056771545
numL:
  composition: 0
  errDn: -4.881973936450083
  errUp: 4.881973936450083
  error: 4.881973936450083
  value: 13.626826954161412
