emptyFAKE: 0
nB:
  composition: 0.1
  value: 155.87982436000777
nC:
  composition: 0.2
  value: 311.75964872001555
nDATA:
  value: 1948.4978045000967
nFAKE:
  composition: 0.2
  value: 389.6995609000194
nL:
  composition: 0.7
  value: 1091.158770520054
nSIGN:
  value: 1558.7982436000775
