numB:
  composition: 0
  errDn: -10.878426039372464
  errUp: 10.878426039372464
  error: 10.878426039372464
  value: 118.67999876963229
numC:
  composition: 0
  errDn: -27.558644158265366
  errUp: 27.558644158265366
  error: 27.558644158265366
  value: 344.76269568265946
numL:
  composition: 0
  errDn: -31.277166247074433
  errUp: 31.277166247074433
  error: 31.277166247074433
  value: 1304.167523780325
