numC:
  errDn: 21.19949682888449
  errUp: 21.6212332863945
  error: 21.6212332863945
  value: 445.29052734375
