numC:
  errDn: 20.0387887738093
  errUp: 20.354836311664087
  error: 20.354836311664087
  value: 330.14794921875
