numL:
  errDn: 24.159649091987603
  errUp: 23.99327104808617
  error: 24.159649091987603
  value: 1223.3192138671875
