numB:
  errDn: 10.666140331130123
  errUp: 10.995948171406525
  error: 10.995948171406525
  value: 140.92532348632812
