numB:
  errDn: 9.473574429709927
  errUp: 9.810503616375556
  error: 9.810503616375556
  value: 103.05952453613281
