numB:
  composition: 0
  errDn: -6.127884248668682
  errUp: 6.127884248668682
  error: 6.127884248668682
  value: 53.750177090463936
numC:
  composition: 0
  errDn: -8.16100970230858
  errUp: 8.16100970230858
  error: 8.16100970230858
  value: 41.32580283905008
numL:
  composition: 0
  errDn: -6.699539843780396
  errUp: 6.699539843780396
  error: 6.699539843780396
  value: 34.49552066189673
