nFAKE:
  composition: 0.042119086780021776
  error: 12.804029004661587
  value: 83.10096672903933
nSIGN:
  composition: 0.9578809132199783
  error: 44.296797224248735
  value: 1889.8992353659494
