numB:
  composition: 0
  errDn: -59.179632152911154
  errUp: 59.179632152911154
  error: 59.179632152911154
  value: 2311.5215124353454
numC:
  composition: 0
  errDn: -201.4945496055061
  errUp: 201.4945496055061
  error: 201.4945496055061
  value: 13820.271995469904
numL:
  composition: 0
  errDn: -251.71817380883294
  errUp: 251.71817380883294
  error: 251.71817380883294
  value: 69986.67787935452
