emptyFAKE: 0
nB:
  composition: 0.1
  value: 461.51943952287303
nC:
  composition: 0.2
  value: 923.0388790457461
nDATA:
  value: 5768.9929940359125
nFAKE:
  composition: 0.2
  value: 1153.7985988071825
nL:
  composition: 0.7
  value: 3230.636076660111
nSIGN:
  value: 4615.19439522873
