numC:
  errDn: 36.46034358759971
  errUp: 36.732388409706346
  error: 36.732388409706346
  value: 1743.8875732421875
