numB:
  errDn: 1789.4124755859375
  errUp: 0.0
  error: 1789.4124755859375
  value: 3376.25
