numL:
  errDn: 30.145856264423287
  errUp: 30.25712077462515
  error: 30.25712077462515
  value: 609.0504760742188
