numB:
  errDn: 37.87227754785181
  errUp: 37.891533490090296
  error: 37.891533490090296
  value: 2712.197265625
