numC:
  errDn: 35.28335476232496
  errUp: 35.486712124568385
  error: 35.486712124568385
  value: 1483.76806640625
