nB:
  composition: 0.04623664098447803
  error: 6.662699391018776
  value: 51.3225225439525
nC:
  composition: 0.12199094766301434
  error: 26.928696491945743
  value: 135.40955891875896
nL:
  composition: 0.8317724113525076
  error: 29.010278512913033
  value: 923.2646970918084
