numB:
  composition: 0
  errDn: -11.453364999511322
  errUp: 11.453364999511322
  error: 11.453364999511322
  value: 184.63070219566052
numC:
  composition: 0
  errDn: -10.12387160719728
  errUp: 10.12387160719728
  error: 10.12387160719728
  value: 44.46345993794256
numL:
  composition: 0
  errDn: -4.959013522131747
  errUp: 4.959013522131747
  error: 4.959013522131747
  value: 10.785517927934992
