rB:
  errDn: -0.019303543528633296
  errUp: 0.019303543528633296
  error: 0.019303543528633296
  value: 2.13269018330825e-13
rC:
  errDn: -0.017723138676278727
  errUp: 0.017723138676278727
  error: 0.017723138676278727
  value: 0.9959997274471573
rL:
  errDn: -0.01004592320160752
  errUp: 0.01004592320160752
  error: 0.01004592320160752
  value: 0.5305133278291077
