numB:
  composition: 0
  errDn: -8.323071505648112
  errUp: 8.323071505648112
  error: 8.323071505648112
  value: 53.979887617593675
numC:
  composition: 0
  errDn: -9.419098248732041
  errUp: 9.419098248732041
  error: 9.419098248732041
  value: 41.631212006194026
numL:
  composition: 0
  errDn: -7.263019550683218
  errUp: 7.263019550683218
  error: 7.263019550683218
  value: 34.00216725414792
