numB:
  composition: 0
  errDn: -12.6945062139856
  errUp: 12.6945062139856
  error: 12.6945062139856
  value: 31.835459603346578
numC:
  composition: 0
  errDn: -23.748247160078705
  errUp: 23.748247160078705
  error: 23.748247160078705
  value: 308.67406644082007
numL:
  composition: 0
  errDn: -22.618471580310086
  errUp: 22.618471580310086
  error: 22.618471580310086
  value: 344.2426994406976
