nFAKE:
  composition: 0.09765417161265613
  error: 84.84504579222084
  value: 4052.746480160734
nSIGN:
  composition: 0.9023458283873439
  error: 200.47354484742755
  value: 37448.26072960696
