numB:
  composition: 0
  errDn: -0.947129629515191
  errUp: 0.947129629515191
  error: 0.947129629515191
  value: 0.29213443341633727
numC:
  composition: 0
  errDn: -1.925895327917866
  errUp: 1.925895327917866
  error: 1.925895327917866
  value: 1.3077683848231065
numL:
  composition: 0
  errDn: -2.9535807583613973
  errUp: 2.9535807583613973
  error: 2.9535807583613973
  value: 10.783687164739868
