numB:
  composition: 0
  errDn: -2.5023180710835127
  errUp: 2.5023180710835127
  error: 2.5023180710835127
  value: 7.398523752086796
numC:
  composition: 0
  errDn: -1.9432358327898984
  errUp: 1.9432358327898984
  error: 1.9432358327898984
  value: 1.289956581323248
numL:
  composition: 0
  errDn: -1.0493484238626278
  errUp: 1.0493484238626278
  error: 1.0493484238626278
  value: 0.5402364233702078
