numB:
  composition: 0
  errDn: -14.146334369967999
  errUp: 14.146334369967999
  error: 14.146334369967999
  value: 23.56013273180272
numC:
  composition: 0
  errDn: -36.90227756772211
  errUp: 36.90227756772211
  error: 36.90227756772211
  value: 297.2830056534236
numL:
  composition: 0
  errDn: -42.619219647279806
  errUp: 42.619219647279806
  error: 42.619219647279806
  value: 3135.0493963003632
