numB:
  composition: 0
  errDn: -31.161911605590113
  errUp: 31.161911605590113
  error: 31.161911605590113
  value: 93.18599989577484
numC:
  composition: 0
  errDn: -65.17503367655229
  errUp: 65.17503367655229
  error: 65.17503367655229
  value: 1358.7849600319566
numL:
  composition: 0
  errDn: -60.51586251132949
  errUp: 60.51586251132949
  error: 60.51586251132949
  value: 4894.0263005201705
