numB:
  composition: 0
  errDn: -12.414862845349958
  errUp: 12.414862845349958
  error: 12.414862845349958
  value: 3.2675390653532923
numC:
  composition: 0
  errDn: -34.61220238210029
  errUp: 34.61220238210029
  error: 34.61220238210029
  value: 115.51677231486526
numL:
  composition: 0
  errDn: -34.48626344075757
  errUp: 34.48626344075757
  error: 34.48626344075757
  value: 967.2548531496766
