nFAKE:
  composition: 0.0666184790344654
  error: 112.5822195065557
  value: 8414.785827373973
nSIGN:
  composition: 0.9333815209655346
  error: 344.65080515888985
  value: 117898.30251288283
