numB:
  composition: 0
  errDn: -17.866879626181078
  errUp: 17.866879626181078
  error: 17.866879626181078
  value: 64.22891267052677
numC:
  composition: 0
  errDn: -34.79041170012357
  errUp: 34.79041170012357
  error: 34.79041170012357
  value: 411.1578949475708
numL:
  composition: 0
  errDn: -33.340661815546014
  errUp: 33.340661815546014
  error: 33.340661815546014
  value: 590.0304200877115
