numB:
  composition: 0
  errDn: -29.187211014719473
  errUp: 29.187211014719473
  error: 29.187211014719473
  value: 93.87374989836351
numC:
  composition: 0
  errDn: -50.305177402976824
  errUp: 50.305177402976824
  error: 50.305177402976824
  value: 1119.6053781727285
numL:
  composition: 0
  errDn: -39.329319459204044
  errUp: 39.329319459204044
  error: 39.329319459204044
  value: 807.9267806645663
