rB:
  errDn: -0.007409071987525472
  errUp: 0.007409071987525472
  error: 0.007409071987525472
  value: 2.328911802990108e-13
rC:
  errDn: -0.003714723400075892
  errUp: 0.003714723400075892
  error: 0.003714723400075892
  value: 0.7385437820197637
rL:
  errDn: -0.0002954757903747353
  errUp: 0.0002954757903747353
  error: 0.0002954757903747353
  value: 1.0252432583457427e-14
