nFAKE:
  composition: 0.07802138125202346
  error: 19.456418064228075
  value: 254.81782316816341
nSIGN:
  composition: 0.9219786187479765
  error: 55.96016290926764
  value: 3011.1820742837263
