nFAKE:
  composition: 0.08824924556197773
  error: 16.14901778551382
  value: 176.5867370841488
nSIGN:
  composition: 0.9117507544380222
  error: 43.63896458501051
  value: 1824.4132256875598
