nFAKE:
  composition: 0.0791481022080723
  error: 28.522562113445474
  value: 584.2712746113774
nSIGN:
  composition: 0.9208518977919277
  error: 83.7695626946188
  value: 6797.728524643288
