numB:
  composition: 0
  errDn: -3.6807828193885306
  errUp: 3.6807828193885306
  error: 3.6807828193885306
  value: 2.092916545289159
numC:
  composition: 0
  errDn: -9.072062594566612
  errUp: 9.072062594566612
  error: 9.072062594566612
  value: 26.69383881281836
numL:
  composition: 0
  errDn: -10.06436109793924
  errUp: 10.06436109793924
  error: 10.06436109793924
  value: 151.8368637173787
