nB:
  composition: 0.03605878190763856
  error: 0.5462437200762233
  value: 0.3606154169944984
nC:
  composition: 5.112024769210416e-09
  error: 6.192071489600578
  value: 5.1124160226957184e-08
nL:
  composition: 0.9639412129803365
  error: 2.0968924335212535
  value: 9.640149891015863
