nB:
  composition: 0.024740849530234713
  error: 1.4888135689052817
  value: 2.9680999487201736
nC:
  composition: 0.13193332549419853
  error: 7.969169706972572
  value: 15.8277223324634
nFAKE:
  error: 3.3982534430603386
  value: 7.02980528737055
nL:
  composition: 0.8433258249755667
  error: 9.363214479916046
  value: 101.17176189950465
