nFAKE:
  composition: 0.04401269802072215
  error: 3.3385055191016653
  value: 5.589599321474112
nSIGN:
  composition: 0.9559873019792778
  error: 10.92232601391433
  value: 121.41009787596663
