nB:
  composition: 0.020240375129384477
  error: 30.82225834438617
  value: 588.8964328235004
nC:
  composition: 0.1292106851033811
  error: 121.22076054397985
  value: 3759.4022370461735
nFAKE:
  error: 64.31510487566254
  value: 1748.8730581440186
nL:
  composition: 0.8505489397672344
  error: 133.88175295106703
  value: 24746.83563762422
