nB:
  composition: 0.037521719143044
  error: 11.171543898984204
  value: 94.63051202037562
nC:
  composition: 0.11596064468008448
  error: 43.27133467608728
  value: 292.45502154246464
nL:
  composition: 0.8465176361768715
  error: 44.66213587719676
  value: 2134.934090847647
