numB:
  composition: 0
  errDn: -50.56923607398289
  errUp: 50.56923607398289
  error: 50.56923607398289
  value: 3197.7389798943905
numC:
  composition: 0
  errDn: -180.40213244871848
  errUp: 180.40213244871848
  error: 180.40213244871848
  value: 16757.24571882511
numL:
  composition: 0
  errDn: -231.94679979536886
  errUp: 231.94679979536886
  error: 231.94679979536886
  value: 97467.5746666455
