numB:
  composition: 0
  errDn: -41.893469403457885
  errUp: 41.893469403457885
  error: 41.893469403457885
  value: 34.04156002692025
numC:
  composition: 0
  errDn: -73.38247254352109
  errUp: 73.38247254352109
  error: 73.38247254352109
  value: 671.8497662600472
numL:
  composition: 0
  errDn: -68.52553504523803
  errUp: 68.52553504523803
  error: 68.52553504523803
  value: 4522.800918951217
