numB:
  composition: 0
  errDn: -24.13835888152761
  errUp: 24.13835888152761
  error: 24.13835888152761
  value: 514.5610496177696
numC:
  composition: 0
  errDn: -93.96301654585454
  errUp: 93.96301654585454
  error: 93.96301654585454
  value: 2714.7552502111016
numL:
  composition: 0
  errDn: -129.22420249351126
  errUp: 129.22420249351126
  error: 129.22420249351126
  value: 27432.30985326203
