numC:
  errDn: 0.6898463890618594
  errUp: 3.7375001907348633
  error: 20
  value: 5
