numB:
  errDn: 0.8677335945753318
  errUp: 1.2097800906851308
  error: 1.2097800906851308
  value: 1.7149118185043335
