numC:
  errDn: 3.238363752249353
  errUp: 3.7746088185516964
  error: 3.7746088185516964
  value: 5.003995418548584
