numL:
  errDn: 5.358448441278227
  errUp: 5.583569766892111
  error: 5.583569766892111
  value: 77.31390380859375
