numB:
  errDn: 0.528347831034918
  errUp: 0.747499942779541
  error: 10
  value: 2
