numFAKE:
  composition: 0
  errDn: -1.0504880931790064
  errUp: 1.0504880931790064
  error: 1.0504880931790064
  value: 1.0526233269840115
numSIGN:
  composition: 0
  errDn: -21.480514395033545
  errUp: 21.480514395033545
  error: 21.480514395033545
  value: 98.94736645386786
