numB:
  composition: 0
  errDn: -6.184101771257483
  errUp: 6.184101771257483
  error: 6.184101771257483
  value: 33.310454487002815
numC:
  composition: 0
  errDn: -7.16129307973036
  errUp: 7.16129307973036
  error: 7.16129307973036
  value: 22.570009955047556
numL:
  composition: 0
  errDn: -6.631257511762826
  errUp: 6.631257511762826
  error: 6.631257511762826
  value: 43.23378028646869
