nB:
  composition: 0.03498872372405943
  error: 60.63544286509523
  value: 4119.620297066521
nC:
  composition: 0.18397038946953195
  error: 250.2540197283888
  value: 21660.925859858307
nFAKE:
  error: 115.67577525561683
  value: 8571.594435207411
nL:
  composition: 0.7810408868064086
  error: 274.50660825940577
  value: 91960.82473605606
