nFAKE:
  composition: 0.06671675923885623
  error: 114.30287742101427
  value: 8427.19997345082
nSIGN:
  composition: 0.9332832407611439
  error: 346.9211277128852
  value: 117885.88941508128
