nB:
  composition: 0.04599038499496729
  error: 40.538548020402004
  value: 2114.5459490063517
nC:
  composition: 0.17675583882220264
  error: 154.3899393511656
  value: 8126.880063857008
nL:
  composition: 0.7772537761828301
  error: 167.978444695058
  value: 35736.57458960486
