numB:
  composition: 0
  errDn: -19.710003212057188
  errUp: 19.710003212057188
  error: 19.710003212057188
  value: 20.081910281470737
numC:
  composition: 0
  errDn: -33.46358376830449
  errUp: 33.46358376830449
  error: 33.46358376830449
  value: 182.28687874843024
numL:
  composition: 0
  errDn: -29.829698213864106
  errUp: 29.829698213864106
  error: 29.829698213864106
  value: 871.945642267691
