numB:
  composition: 0
  errDn: -0.5966235040262935
  errUp: 0.5966235040262935
  error: 0.5966235040262935
  value: 0.5169144101406751
numC:
  composition: 0
  errDn: -1.7331793619023892
  errUp: 1.7331793619023892
  error: 1.7331793619023892
  value: 1.3082571307956699
numL:
  composition: 0
  errDn: -2.566176317265418
  errUp: 2.566176317265418
  error: 2.566176317265418
  value: 11.837510702399895
