rB:
  errDn: -0.0005998701119824158
  errUp: 0.0005998701119824158
  error: 0.0005998701119824158
  value: 2.5064569560487304e-13
rC:
  errDn: -0.000637037814250751
  errUp: 0.000637037814250751
  error: 0.000637037814250751
  value: 7.64292058461069e-15
rL:
  errDn: -0.003238280835002383
  errUp: 0.003238280835002383
  error: 0.003238280835002383
  value: 0.6643578921347263
