rB:
  errDn: -0.014481790049112542
  errUp: 0.014481790049112542
  error: 0.014481790049112542
  value: 0.5378304074090499
rC:
  errDn: -0.009129401715580987
  errUp: 0.009129401715580987
  error: 0.009129401715580987
  value: 0.018742953094596122
rL:
  errDn: -0.0015640221181281223
  errUp: 0.0015640221181281223
  error: 0.0015640221181281223
  value: 2.1810036415770284e-12
