rB:
  errDn: -0.059983443613150875
  errUp: 0.059983443613150875
  error: 0.059983443613150875
  value: 0.07051418219611884
rC:
  errDn: -0.00572976980130609
  errUp: 0.00572976980130609
  error: 0.00572976980130609
  value: 0.0461690854240027
rL:
  errDn: -0.004362607620361319
  errUp: 0.004362607620361319
  error: 0.004362607620361319
  value: 1.069410944347371e-12
