numB:
  composition: 0
  errDn: -1.06352936211351
  errUp: 1.06352936211351
  error: 1.06352936211351
  value: 1.711214283706073
numC:
  composition: 0
  errDn: -4.339649267983221
  errUp: 4.339649267983221
  error: 4.339649267983221
  value: 5.080030455277154
numL:
  composition: 0
  errDn: -6.612940925729731
  errUp: 6.612940925729731
  error: 6.612940925729731
  value: 77.35652397963666
