emptyFAKE: 0
nB:
  composition: 0.1
  value: 46.44106811916489
nC:
  composition: 0.2
  value: 92.88213623832978
nDATA:
  value: 580.513351489561
nFAKE:
  composition: 0.2
  value: 116.10267029791221
nL:
  composition: 0.7
  value: 325.0874768341542
nSIGN:
  value: 464.41068119164885
