numB:
  errDn: 5.7327983109508684
  errUp: 1.438876597916563
  error: 5.7327983109508684
  value: 10.5
