numC:
  errDn: 9.598823047270088
  errUp: 9.906717478998587
  error: 9.906717478998587
  value: 55.76443099975586
