numL:
  errDn: 13.445052626677239
  errUp: 13.678754225578075
  error: 13.678754225578075
  value: 421.3169250488281
