numC:
  errDn: 11.78078592628404
  errUp: 1.9779052734375
  error: 11.78078592628404
  value: 109.8354263305664
