numB:
  errDn: 2.1564837413612112
  errUp: 2.514535756247655
  error: 2.514535756247655
  value: 5.824389457702637
