rB:
  errDn: -0.013780539974041273
  errUp: 0.013780539974041273
  error: 0.013780539974041273
  value: 0.5340360662076141
rC:
  errDn: -0.008574653502791695
  errUp: 0.008574653502791695
  error: 0.008574653502791695
  value: 0.017730726189535986
rL:
  errDn: -0.0010678163677453542
  errUp: 0.0010678163677453542
  error: 0.0010678163677453542
  value: 2.2377386944306965e-12
