nB:
  composition: 0.023782186641116223
  error: 18.939515623336575
  value: 301.9510741485656
nC:
  composition: 0.08563925258368572
  error: 86.94183674314229
  value: 1087.3207202157646
nFAKE:
  error: 35.99181148107613
  value: 690.7180658838038
nL:
  composition: 0.890578560775198
  error: 97.21394457765564
  value: 11307.25097308097
