rB:
  errDn: -0.009783702607635114
  errUp: 0.009783702607635114
  error: 0.009783702607635114
  value: 0.5266609462499102
rC:
  errDn: -0.005056065513850107
  errUp: 0.005056065513850107
  error: 0.005056065513850107
  value: 0.02067816920060792
rL:
  errDn: -0.003089897365040028
  errUp: 0.003089897365040028
  error: 0.003089897365040028
  value: 3.7859545473683046e-10
