numB:
  composition: 0
  errDn: -6.784415298340962
  errUp: 6.784415298340962
  error: 6.784415298340962
  value: 23.383446975143563
numC:
  composition: 0
  errDn: -16.827445355248276
  errUp: 16.827445355248276
  error: 16.827445355248276
  value: 50.33638350970905
numL:
  composition: 0
  errDn: -16.758008403391045
  errUp: 16.758008403391045
  error: 16.758008403391045
  value: 209.9462517010467
