numB:
  composition: 0
  errDn: -13.88193670760058
  errUp: 13.88193670760058
  error: 13.88193670760058
  value: 123.26196841929746
numC:
  composition: 0
  errDn: -28.859137907562683
  errUp: 28.859137907562683
  error: 28.859137907562683
  value: 270.5062097769278
numL:
  composition: 0
  errDn: -27.204910706820897
  errUp: 27.204910706820897
  error: 27.204910706820897
  value: 627.9184504987174
