emptyFAKE: 0
nB:
  composition: 0.1
  value: 48.080000000000005
nC:
  composition: 0.2
  value: 96.16000000000001
nDATA:
  value: 601.0
nFAKE:
  composition: 0.2
  value: 120.2
nL:
  composition: 0.7
  value: 336.56
nSIGN:
  value: 480.8
