numFAKE:
  composition: 0
  errDn: -4.551263561575615
  errUp: 4.551263561575615
  error: 4.551263561575615
  value: 11.36482817625236
numSIGN:
  composition: 0
  errDn: -24.109903361455906
  errUp: 24.109903361455906
  error: 24.109903361455906
  value: 589.6352049262375
