numB:
  composition: 0
  errDn: -17.9927107698647
  errUp: 17.9927107698647
  error: 17.9927107698647
  value: 258.36844887300737
numC:
  composition: 0
  errDn: -21.20690752753616
  errUp: 21.20690752753616
  error: 21.20690752753616
  value: 139.01211950996222
numL:
  composition: 0
  errDn: -16.96998012324032
  errUp: 16.96998012324032
  error: 16.96998012324032
  value: 192.19205343901817
