numB:
  composition: 0
  errDn: -3.6748420484600217
  errUp: 3.6748420484600217
  error: 3.6748420484600217
  value: 13.234942467349553
numC:
  composition: 0
  errDn: -10.188856333580146
  errUp: 10.188856333580146
  error: 10.188856333580146
  value: 23.669540570017976
numL:
  composition: 0
  errDn: -10.849206501574436
  errUp: 10.849206501574436
  error: 10.849206501574436
  value: 131.83111727615182
