numB:
  composition: 0
  errDn: -20.926053003673104
  errUp: 20.926053003673104
  error: 20.926053003673104
  value: 366.48840394083754
numC:
  composition: 0
  errDn: -82.2592567577799
  errUp: 82.2592567577799
  error: 82.2592567577799
  value: 1682.929464509202
numL:
  composition: 0
  errDn: -99.39585006806738
  errUp: 99.39585006806738
  error: 99.39585006806738
  value: 14787.828896587675
