rB:
  errDn: -0.007735903897287324
  errUp: 0.007735903897287324
  error: 0.007735903897287324
  value: 2.7943737819383172e-08
rC:
  errDn: -0.010193663582645784
  errUp: 0.010193663582645784
  error: 0.010193663582645784
  value: 0.6672954856951554
rL:
  errDn: -0.004250897586911495
  errUp: 0.004250897586911495
  error: 0.004250897586911495
  value: 0.7523591002207571
