emptyFAKE: 0
nB:
  composition: 0.1
  value: 1050.631641841727
nC:
  composition: 0.2
  value: 2101.263283683454
nDATA:
  value: 13132.895523021585
nFAKE:
  composition: 0.2
  value: 2626.5791046043173
nL:
  composition: 0.7
  value: 7354.421492892088
nSIGN:
  value: 10506.31641841727
