numB:
  errDn: 12.250097945283642
  errUp: 12.626387211952874
  error: 12.626387211952874
  value: 138.21519470214844
