numC:
  errDn: 0.8468083566863243
  errUp: 835.2066650390625
  error: 835.2066650390625
  value: 838.0
