numL:
  errDn: 65.34131210575288
  errUp: 65.58955992835399
  error: 65.58955992835399
  value: 10948.3603515625
