numC:
  errDn: 43.255313432412095
  errUp: 43.73841500187211
  error: 43.73841500187211
  value: 799.3041381835938
