numB:
  errDn: 103.15499877929688
  errUp: 1.353285798231326
  error: 103.15499877929688
  value: 172.5
