numFAKE:
  composition: 0
  errDn: -26.659385533014984
  errUp: 26.659385533014984
  error: 26.659385533014984
  value: 369.2127669437431
numSIGN:
  composition: 0
  errDn: -81.52295371705395
  errUp: 81.52295371705395
  error: 81.52295371705395
  value: 6313.775589505694
