emptyFAKE: 0
nB:
  composition: 0.1
  value: 534.6400000000001
nC:
  composition: 0.2
  value: 1069.2800000000002
nDATA:
  value: 6683.0
nFAKE:
  composition: 0.2
  value: 1336.6000000000001
nL:
  composition: 0.7
  value: 3742.48
