numB:
  composition: 0
  errDn: -12.62773168362746
  errUp: 12.62773168362746
  error: 12.62773168362746
  value: 194.43512091426715
numC:
  composition: 0
  errDn: -54.05346200220413
  errUp: 54.05346200220413
  error: 54.05346200220413
  value: 1339.1587859151978
numL:
  composition: 0
  errDn: -61.43102580074037
  errUp: 61.43102580074037
  error: 61.43102580074037
  value: 4781.498191777304
