numFAKE:
  composition: 0
  errDn: -1.4877470516905344
  errUp: 1.4877470516905344
  error: 1.4877470516905344
  value: 1.4931931582630784
numSIGN:
  composition: 0
  errDn: -20.69150027674968
  errUp: 20.69150027674968
  error: 20.69150027674968
  value: 131.5070373968355
