numB:
  composition: 0
  errDn: -7.459975318403732
  errUp: 7.459975318403732
  error: 7.459975318403732
  value: 51.76927971170001
numC:
  composition: 0
  errDn: -8.968414721132657
  errUp: 8.968414721132657
  error: 8.968414721132657
  value: 41.35483745841674
numL:
  composition: 0
  errDn: -7.292969133728981
  errUp: 7.292969133728981
  error: 7.292969133728981
  value: 38.20931445528986
