numB:
  composition: 0
  errDn: -17.358415095290695
  errUp: 17.358415095290695
  error: 17.358415095290695
  value: 237.5345871123361
numC:
  composition: 0
  errDn: -18.156418964465985
  errUp: 18.156418964465985
  error: 18.156418964465985
  value: 153.5808841668833
numL:
  composition: 0
  errDn: -13.715550747993163
  errUp: 13.715550747993163
  error: 13.715550747993163
  value: 113.12691730642943
