numB:
  composition: 0
  errDn: -4.741277358326092
  errUp: 4.741277358326092
  error: 4.741277358326092
  value: 20.337062122070503
numC:
  composition: 0
  errDn: -13.821563377531003
  errUp: 13.821563377531003
  error: 13.821563377531003
  value: 49.43846670555776
numL:
  composition: 0
  errDn: -14.872240938047653
  errUp: 14.872240938047653
  error: 14.872240938047653
  value: 232.16697767823035
