numB:
  composition: 0
  errDn: -3.918209921778998
  errUp: 3.918209921778998
  error: 3.918209921778998
  value: 14.07401800966234
numC:
  composition: 0
  errDn: -17.549032893807823
  errUp: 17.549032893807823
  error: 17.549032893807823
  value: 59.12367520634564
numL:
  composition: 0
  errDn: -20.299150505245564
  errUp: 20.299150505245564
  error: 20.299150505245564
  value: 523.5473481778861
