numB:
  composition: 0
  errDn: -71.0972831750612
  errUp: 71.0972831750612
  error: 71.0972831750612
  value: 3407.355904541484
numC:
  composition: 0
  errDn: -117.04533345133632
  errUp: 117.04533345133632
  error: 117.04533345133632
  value: 8161.398570325279
numL:
  composition: 0
  errDn: -92.6813749480707
  errUp: 92.6813749480707
  error: 92.6813749480707
  value: 5371.512056507042
