numC:
  errDn: 38.198386008961734
  errUp: 38.57163615640354
  error: 38.57163615640354
  value: 861.1675415039062
