numL:
  errDn: 51.65276137005003
  errUp: 51.95568730722516
  error: 51.95568730722516
  value: 6159.9091796875
