numB:
  errDn: 8.968574523925781
  errUp: 10.517579966927201
  error: 10.517579966927201
  value: 119.13357543945312
