numB:
  errDn: 116.40254458414759
  errUp: 1.399023534494404
  error: 116.40254458414759
  value: 220.0
