numC:
  errDn: 45.326510285862014
  errUp: 45.652517120703806
  error: 45.652517120703806
  value: 1605.458740234375
