numB:
  composition: 0
  errDn: -0.557786893114247
  errUp: 0.557786893114247
  error: 0.557786893114247
  value: 0.489138048617318
numC:
  composition: 0
  errDn: -1.7195801054516502
  errUp: 1.7195801054516502
  error: 1.7195801054516502
  value: 1.3272275348107676
numL:
  composition: 0
  errDn: -2.4710739380818714
  errUp: 2.4710739380818714
  error: 2.4710739380818714
  value: 11.808860811364541
