numB:
  composition: 0
  errDn: -4.123338840750558
  errUp: 4.123338840750558
  error: 4.123338840750558
  value: 14.006279693385412
numC:
  composition: 0
  errDn: -18.1012149450162
  errUp: 18.1012149450162
  error: 18.1012149450162
  value: 58.96818508697667
numL:
  composition: 0
  errDn: -21.067649187531487
  errUp: 21.067649187531487
  error: 21.067649187531487
  value: 523.6503516361795
