numB:
  composition: 0
  errDn: -48.7717096107568
  errUp: 48.7717096107568
  error: 48.7717096107568
  value: 41.14919992246993
numC:
  composition: 0
  errDn: -114.71835678438651
  errUp: 114.71835678438651
  error: 114.71835678438651
  value: 2384.6190100435647
numL:
  composition: 0
  errDn: -131.6189176478183
  errUp: 131.6189176478183
  error: 131.6189176478183
  value: 20249.67629749991
