rB:
  errDn: -0.008237493361212834
  errUp: 0.008237493361212834
  error: 0.008237493361212834
  value: 4.476925557703182e-14
rC:
  errDn: -0.011461126070200667
  errUp: 0.011461126070200667
  error: 0.011461126070200667
  value: 0.6692974308549899
rL:
  errDn: -0.004924039973731975
  errUp: 0.004924039973731975
  error: 0.004924039973731975
  value: 0.7543400236927484
