numB:
  composition: 0
  errDn: -0.821282917817277
  errUp: 0.821282917817277
  error: 0.821282917817277
  value: 0.6092831863094081
numC:
  composition: 0
  errDn: -2.121024140455962
  errUp: 2.121024140455962
  error: 2.121024140455962
  value: 1.5899263218445296
numL:
  composition: 0
  errDn: -3.093085968224662
  errUp: 3.093085968224662
  error: 3.093085968224662
  value: 11.484872737510816
