nFAKE:
  composition: 0.06756568087092531
  error: 93.6187172676166
  value: 3803.3427881913813
nSIGN:
  composition: 0.9324343191290747
  error: 239.64743452535913
  value: 52487.70229810222
