numB:
  composition: 0
  errDn: -16.681626965494672
  errUp: 16.681626965494672
  error: 16.681626965494672
  value: 45.11507889846108
numC:
  composition: 0
  errDn: -38.611036347055915
  errUp: 38.611036347055915
  error: 38.611036347055915
  value: 356.25197051847647
numL:
  composition: 0
  errDn: -43.0879145838087
  errUp: 43.0879145838087
  error: 43.0879145838087
  value: 2625.2728995956245
