emptyFAKE: 0
nB:
  composition: 0.1
  value: 11.421544780692397
nC:
  composition: 0.2
  value: 22.843089561384794
nDATA:
  value: 142.76930975865494
nFAKE:
  composition: 0.2
  value: 28.55386195173099
nL:
  composition: 0.7
  value: 79.95081346484677
nSIGN:
  value: 114.21544780692396
