numC:
  errDn: 5.715939893606034
  errUp: 5.995385616201361
  error: 5.995385616201361
  value: 45.43061065673828
