numL:
  errDn: 4.966112118251047
  errUp: 5.2513533848817175
  error: 5.2513533848817175
  value: 33.139591217041016
