numC:
  errDn: 5.662731523964958
  errUp: 6.005041715420866
  error: 6.005041715420866
  value: 42.987525939941406
