numB:
  errDn: 5.112577374389048
  errUp: 5.417510020791227
  error: 5.417510020791227
  value: 51.367027282714844
