numB:
  errDn: 5.278692948141497
  errUp: 5.5894024938850535
  error: 5.5894024938850535
  value: 52.33681869506836
