numB:
  composition: 0
  errDn: -12.077958897215865
  errUp: 12.077958897215865
  error: 12.077958897215865
  value: 168.03990827382674
numC:
  composition: 0
  errDn: -28.63640859234812
  errUp: 28.63640859234812
  error: 28.63640859234812
  value: 390.77380901225473
numL:
  composition: 0
  errDn: -26.84368385112407
  errUp: 26.84368385112407
  error: 26.84368385112407
  value: 648.601580360013
