nFAKE:
  composition: 0.09472187422230936
  error: 42.12032017230803
  value: 1058.515065401228
nSIGN:
  composition: 0.9052781257776906
  error: 104.07636562140306
  value: 10116.46509722652
