numB:
  composition: 0
  errDn: -3.0638926918266143
  errUp: 3.0638926918266143
  error: 3.0638926918266143
  value: 9.349286386948817
numC:
  composition: 0
  errDn: -12.991088038155674
  errUp: 12.991088038155674
  error: 12.991088038155674
  value: 56.399095362374545
numL:
  composition: 0
  errDn: -17.07729504478627
  errUp: 17.07729504478627
  error: 17.07729504478627
  value: 462.2076666169447
