numB:
  errDn: 6.727499961853027
  errUp: 1.2413925873376304
  error: 6.727499961853027
  value: 11.25
