numC:
  errDn: 11.783950153174274
  errUp: 2.0214080810546875
  error: 11.783950153174274
  value: 109.83859252929688
