numL:
  errDn: 13.43605409412072
  errUp: 13.684698161838014
  error: 13.684698161838014
  value: 421.0886535644531
