numC:
  errDn: 9.603256629244882
  errUp: 9.933087928425735
  error: 9.933087928425735
  value: 54.58446502685547
