numB:
  errDn: 2.156501717528518
  errUp: 2.5145178595299438
  error: 2.5145178595299438
  value: 5.824407577514648
