numB:
  composition: 0
  errDn: -15.809150329755738
  errUp: 15.809150329755738
  error: 15.809150329755738
  value: 388.44614423769474
numC:
  composition: 0
  errDn: -14.018259345077603
  errUp: 14.018259345077603
  error: 14.018259345077603
  value: 86.73405820905705
numL:
  composition: 0
  errDn: -11.286978023871779
  errUp: 11.286978023871779
  error: 11.286978023871779
  value: 36.563069264563346
