rB:
  errDn: -0.0489963717545453
  errUp: 0.0489963717545453
  error: 0.0489963717545453
  value: 0.171889073722141
rC:
  errDn: -0.004250573763520053
  errUp: 0.004250573763520053
  error: 0.004250573763520053
  value: 0.03613698057614524
rL:
  errDn: -0.0002192727702439904
  errUp: 0.0002192727702439904
  error: 0.0002192727702439904
  value: 2.059681402212868e-11
