rB:
  errDn: -0.0006249334311504821
  errUp: 0.0006249334311504821
  error: 0.0006249334311504821
  value: 1.8226538984686402e-12
rC:
  errDn: -0.0006507700551425523
  errUp: 0.0006507700551425523
  error: 0.0006507700551425523
  value: 1.0966090774160164e-12
rL:
  errDn: -0.003149200052374068
  errUp: 0.003149200052374068
  error: 0.003149200052374068
  value: 0.6550268136770865
