numB:
  composition: 0
  errDn: -5.431081107914569
  errUp: 5.431081107914569
  error: 5.431081107914569
  value: 22.280868180106793
numC:
  composition: 0
  errDn: -24.281692122985184
  errUp: 24.281692122985184
  error: 24.281692122985184
  value: 113.82735291287693
numL:
  composition: 0
  errDn: -30.6312431449295
  errUp: 30.6312431449295
  error: 30.6312431449295
  value: 1312.2031469095893
