numB:
  composition: 0
  errDn: -5.129728322087446
  errUp: 5.129728322087446
  error: 5.129728322087446
  value: 13.216414624573497
numC:
  composition: 0
  errDn: -12.562328835351867
  errUp: 12.562328835351867
  error: 12.562328835351867
  value: 22.881571462295966
numL:
  composition: 0
  errDn: -13.009378991230399
  errUp: 13.009378991230399
  error: 13.009378991230399
  value: 132.64714105296048
