nFAKE:
  composition: 0.04891500358417014
  error: 3.342905370918582
  value: 6.505753245113114
nSIGN:
  composition: 0.9510849964158298
  error: 11.152567842394568
  value: 126.49542775078287
