nB:
  composition: 0.024896135252089682
  error: 1.5506945805421053
  value: 3.1244444955616433
nC:
  composition: 0.1146341199093079
  error: 8.435149872786877
  value: 14.386487755127668
nFAKE:
  error: 3.3692929283502497
  value: 7.511226046333863
nL:
  composition: 0.8604697448386023
  error: 9.697102888285428
  value: 107.98824518888496
