rB:
  errDn: -0.04332842379583237
  errUp: 0.04332842379583237
  error: 0.04332842379583237
  value: 0.13617413810258802
rC:
  errDn: -0.0038327361311781064
  errUp: 0.0038327361311781064
  error: 0.0038327361311781064
  value: 0.03896716420776831
rL:
  errDn: -0.00017370812629985223
  errUp: 0.00017370812629985223
  error: 0.00017370812629985223
  value: 1.0361016612812218e-10
