numB:
  composition: 0
  errDn: -0.6341198217084869
  errUp: 0.6341198217084869
  error: 0.6341198217084869
  value: 0.4790829120640301
numC:
  composition: 0
  errDn: -0.6923647081728401
  errUp: 0.6923647081728401
  error: 0.6923647081728401
  value: 0.2077045388171479
numL:
  composition: 0
  errDn: -1.3961020220657998
  errUp: 1.3961020220657998
  error: 1.3961020220657998
  value: 4.292664346283969
