numB:
  composition: 0
  errDn: -54.58529507594858
  errUp: 54.58529507594858
  error: 54.58529507594858
  value: 3651.4509905826135
numC:
  composition: 0
  errDn: -208.34652362122688
  errUp: 208.34652362122688
  error: 208.34652362122688
  value: 25552.77719927707
numL:
  composition: 0
  errDn: -235.7241852867519
  errUp: 235.7241852867519
  error: 235.7241852867519
  value: 83109.21419666019
