rB:
  errDn: -0.017509135470917953
  errUp: 0.017509135470917953
  error: 0.017509135470917953
  value: 4.1649636213850205e-12
rC:
  errDn: -0.09453396033338723
  errUp: 0.09453396033338723
  error: 0.09453396033338723
  value: 0.9932355998827488
rL:
  errDn: -0.05442485794876972
  errUp: 0.05442485794876972
  error: 0.05442485794876972
  value: 0.5361721080163476
