rB:
  errDn: -0.05035685647750224
  errUp: 0.05035685647750224
  error: 0.05035685647750224
  value: 0.07300654404578012
rC:
  errDn: -0.004846579385649467
  errUp: 0.004846579385649467
  error: 0.004846579385649467
  value: 0.0456076611224556
rL:
  errDn: -0.0036035378893893473
  errUp: 0.0036035378893893473
  error: 0.0036035378893893473
  value: 1.537795498579575e-12
