numB:
  composition: 0
  errDn: -16.226375552911605
  errUp: 16.226375552911605
  error: 16.226375552911605
  value: 305.5266015890496
numC:
  composition: 0
  errDn: -71.7531641274461
  errUp: 71.7531641274461
  error: 71.7531641274461
  value: 2636.543678823129
numL:
  composition: 0
  errDn: -79.54786204266247
  errUp: 79.54786204266247
  error: 79.54786204266247
  value: 7767.407978240694
