numFAKE:
  composition: 0
  errDn: -28.42388778333074
  errUp: 28.42388778333074
  error: 28.42388778333074
  value: 458.3930511307761
numSIGN:
  composition: 0
  errDn: -105.08909106977171
  errUp: 105.08909106977171
  error: 105.08909106977171
  value: 10736.612954303968
