numB:
  errDn: 14.065673577052422
  errUp: 14.300028672572807
  error: 14.300028672572807
  value: 263.8281555175781
