numC:
  errDn: 50.66750403985907
  errUp: 50.972153969717965
  error: 50.972153969717965
  value: 2566.913330078125
