numSIGN:
  errDn: 103.54577159959081
  errUp: 104.25369460599723
  error: 104.25369460599723
  value: 10120.5859375
