numSIGN:
  errDn: 104.1509196683528
  errUp: 104.88596273210715
  error: 104.88596273210715
  value: 10688.56640625
