numFAKE:
  errDn: 28.730847124547097
  errUp: 29.79768369311597
  error: 29.79768369311597
  value: 479.5951232910156
