numFAKE:
  errDn: 239.6362981939381
  errUp: 3.704392448048793
  error: 239.6362981939381
  value: 572.5
