numL:
  errDn: 58.16094711564256
  errUp: 58.38764629691468
  error: 58.38764629691468
  value: 7335.03759765625
