nB:
  composition: 0.039924088714133416
  error: 7.554735369346666
  value: 60.92335965243266
nC:
  composition: 0.17464977247892036
  error: 31.990037401187493
  value: 266.5120543673693
nFAKE:
  error: 10.966629660540448
  value: 41.026556232934034
nL:
  composition: 0.7854261388069462
  error: 32.96541324727116
  value: 1198.5445548320693
