nB:
  composition: 4.161732604452376e-10
  error: 0.43264827199792755
  value: 4.7032570835197273e-08
nC:
  composition: 0.29403911631154384
  error: 7.4819820536866715
  value: 33.22994742969857
nL:
  composition: 0.7059608832722829
  error: 8.442854933335767
  value: 79.7820485003292
