nFAKE:
  composition: 0.026654225566887957
  error: 11.094220582135241
  value: 41.76730553375897
nSIGN:
  composition: 0.9733457744331121
  error: 39.91827909376707
  value: 1525.237724454646
