rB:
  errDn: -0.028303631645408382
  errUp: 0.028303631645408382
  error: 0.028303631645408382
  value: 1.0499274961754939e-07
rC:
  errDn: -0.016471013108292853
  errUp: 0.016471013108292853
  error: 0.016471013108292853
  value: 0.9020022341938867
rL:
  errDn: -0.009932096072634788
  errUp: 0.009932096072634788
  error: 0.009932096072634788
  value: 0.6057118156440155
