nFAKE:
  composition: 0.06607453965235005
  error: 12.77696066380441
  value: 83.71644198956886
nSIGN:
  composition: 0.9339254603476499
  error: 35.46946897395799
  value: 1183.2835617946625
