nFAKE:
  composition: 0.056116604448430675
  error: 13.493754651934736
  value: 117.00332682522625
nSIGN:
  composition: 0.9438833955515694
  error: 45.029843492780174
  value: 1968.00035390796
