nB:
  composition: 0.03536180636255556
  error: 10.012180624674876
  value: 69.54815914931747
nC:
  composition: 0.1599704919632937
  error: 44.91827895661453
  value: 314.6234420320411
nFAKE:
  error: 13.407678118781199
  value: 118.23592943192175
nL:
  composition: 0.8046677016741508
  error: 44.53569963036216
  value: 1582.5876315415965
