nB:
  composition: 0.01816727552913227
  error: 3.937834297399711
  value: 8.956455256408566
nC:
  composition: 0.1167382329883643
  error: 19.748578428160936
  value: 57.55187445667715
nL:
  composition: 0.8650944914825035
  error: 20.77199326584423
  value: 426.49103290715834
