numB:
  composition: 0
  errDn: -5.023066428145139
  errUp: 5.023066428145139
  error: 5.023066428145139
  value: 30.517346539165935
numC:
  composition: 0
  errDn: -21.880232299547274
  errUp: 21.880232299547274
  error: 21.880232299547274
  value: 243.27462345199675
numL:
  composition: 0
  errDn: -23.2968336643479
  errUp: 23.2968336643479
  error: 23.2968336643479
  value: 599.307663066036
