numFAKE:
  composition: 0
  errDn: -6.875865217584433
  errUp: 6.875865217584433
  error: 6.875865217584433
  value: 28.665498017991148
numSIGN:
  composition: 0
  errDn: -29.70434666448034
  errUp: 29.70434666448034
  error: 29.70434666448034
  value: 874.3349087803314
