numB:
  errDn: 1.4121776684687504
  errUp: 21.499881139112738
  error: 21.499881139112738
  value: 37.5
