numC:
  errDn: 15.44143312152488
  errUp: 15.725664746927805
  error: 15.725664746927805
  value: 277.2744445800781
