numB:
  errDn: 4.307144805152465
  errUp: 4.668137447274653
  error: 4.668137447274653
  value: 27.683610916137695
