numSIGN:
  errDn: 29.267894150362963
  errUp: 29.939506485963193
  error: 29.939506485963193
  value: 827.6892700195312
