numSIGN:
  errDn: 29.414728774573405
  errUp: 30.087343192702747
  error: 30.087343192702747
  value: 871.8945922851562
