numFAKE:
  errDn: 15.302815430290778
  errUp: 3.3854278525622803
  error: 15.302815430290778
  value: 35.0
