numL:
  errDn: 16.380849608757558
  errUp: 16.55349483286068
  error: 16.55349483286068
  value: 572.4033813476562
