numC:
  errDn: 14.774778488169687
  errUp: 15.051879280885771
  error: 15.051879280885771
  value: 237.71112060546875
