numFAKE:
  errDn: 6.543947869968488
  errUp: 7.566482287043357
  error: 7.566482287043357
  value: 29.72671127319336
