numB:
  composition: 0
  errDn: -4.043789813115135
  errUp: 4.043789813115135
  error: 4.043789813115135
  value: 2.6618641145946573
numC:
  composition: 0
  errDn: -6.196069494677937
  errUp: 6.196069494677937
  error: 6.196069494677937
  value: 11.520224537437434
numL:
  composition: 0
  errDn: -5.568424956189519
  errUp: 5.568424956189519
  error: 5.568424956189519
  value: 20.238185894093288
