nB:
  composition: 0.03549297822137031
  error: 36.459750501447274
  value: 1326.1563466673904
nC:
  composition: 0.13333508671965483
  error: 136.03722473281277
  value: 4981.919814783307
nFAKE:
  error: 81.07890330233454
  value: 4134.853738315872
nL:
  composition: 0.8311719350589749
  error: 158.5821250630015
  value: 31055.83109919479
