nFAKE:
  composition: 0.04150477871090834
  error: 7.945959476919343
  value: 38.18440036730932
nSIGN:
  composition: 0.9584952212890917
  error: 29.97931437860683
  value: 881.8156948813289
