nFAKE:
  composition: 0.0561987272791653
  error: 13.486897190815299
  value: 117.17454851567743
nSIGN:
  composition: 0.9438012727208347
  error: 45.01729399438625
  value: 1967.8290483383362
