numB:
  composition: 0
  errDn: -4.255145832418305
  errUp: 4.255145832418305
  error: 4.255145832418305
  value: 18.19013301993337
numC:
  composition: 0
  errDn: -16.430716593745245
  errUp: 16.430716593745245
  error: 16.430716593745245
  value: 95.72003795019265
numL:
  composition: 0
  errDn: -23.326126054881968
  errUp: 23.326126054881968
  error: 23.326126054881968
  value: 1002.5015591652032
