nFAKE:
  composition: 0.06688555483147038
  error: 95.495680966505
  value: 3765.053408542194
nSIGN:
  composition: 0.9331144451685296
  error: 243.43222375079495
  value: 52525.926281002
