nB:
  composition: 0.04750916808490607
  error: 17.68370798183122
  value: 389.8598332996721
nC:
  composition: 0.15232643239570914
  error: 64.81106451694552
  value: 1249.989421721577
nL:
  composition: 0.8001643995193848
  error: 70.96017751557793
  value: 6566.142325444517
