emptyFAKE: 0
nB:
  composition: 0.1
  value: 75.90110959631453
nC:
  composition: 0.2
  value: 151.80221919262905
nDATA:
  value: 948.7638699539315
nFAKE:
  composition: 0.2
  value: 189.7527739907863
nL:
  composition: 0.7
  value: 531.3077671742016
nSIGN:
  value: 759.0110959631452
