numB:
  composition: 0
  errDn: -9.133530145567285
  errUp: 9.133530145567285
  error: 9.133530145567285
  value: 84.06946619831305
numC:
  composition: 0
  errDn: -25.733454073429073
  errUp: 25.733454073429073
  error: 25.733454073429073
  value: 198.1294659814049
numL:
  composition: 0
  errDn: -25.60305840744735
  errUp: 25.60305840744735
  error: 25.60305840744735
  value: 579.9408223909277
