numC:
  errDn: 15.531191140429087
  errUp: 15.733650696855563
  error: 15.733650696855563
  value: 186.39187622070312
