numB:
  errDn: 8.592223678673449
  errUp: 8.93398094756013
  error: 8.93398094756013
  value: 100.69781494140625
