numL:
  errDn: 16.595660039595487
  errUp: 16.820256108561352
  error: 16.820256108561352
  value: 541.9988403320312
