numB:
  errDn: 7.622918441776008
  errUp: 7.980413184343178
  error: 7.980413184343178
  value: 75.98170471191406
