numC:
  errDn: 15.748724074649033
  errUp: 16.05441954485184
  error: 16.05441954485184
  value: 239.29891967773438
