nFAKE:
  composition: 0.06211250652937092
  error: 58.46973929759531
  value: 1879.959086585406
nSIGN:
  composition: 0.937887493470629
  error: 172.63659931668917
  value: 28387.038521962826
