nB:
  composition: 0.027432514897908714
  error: 26.877962618025606
  value: 778.1900647384356
nC:
  composition: 0.1423437282299781
  error: 116.65100287926566
  value: 4037.9263621521404
nFAKE:
  error: 59.63648485402473
  value: 1899.5587597948984
nL:
  composition: 0.8302237568721131
  error: 130.6276194952443
  value: 23551.31789819786
