numB:
  composition: 0
  errDn: -5.804743345448927
  errUp: 5.804743345448927
  error: 5.804743345448927
  value: 35.170589459998126
numC:
  composition: 0
  errDn: -25.22492801241536
  errUp: 25.22492801241536
  error: 25.22492801241536
  value: 126.7266427809415
numL:
  composition: 0
  errDn: -27.566947263004067
  errUp: 27.566947263004067
  error: 27.566947263004067
  value: 768.2172476374976
