emptyFAKE: 0
nB:
  composition: 0.1
  value: 76.88000000000001
nC:
  composition: 0.2
  value: 153.76000000000002
nDATA:
  value: 961.0
nFAKE:
  composition: 0.2
  value: 192.20000000000002
nL:
  composition: 0.7
  value: 538.16
