numB:
  composition: 0
  errDn: -12.600560473299694
  errUp: 12.600560473299694
  error: 12.600560473299694
  value: 109.40620679341681
numC:
  composition: 0
  errDn: -15.176757929644289
  errUp: 15.176757929644289
  error: 15.176757929644289
  value: 79.48565977132097
numL:
  composition: 0
  errDn: -11.801584190561123
  errUp: 11.801584190561123
  error: 11.801584190561123
  value: 86.70997622214875
