numB:
  composition: 0
  errDn: -16.685785626391663
  errUp: 16.685785626391663
  error: 16.685785626391663
  value: 168.87148783652583
numC:
  composition: 0
  errDn: -32.9336014718738
  errUp: 32.9336014718738
  error: 32.9336014718738
  value: 383.42198101239467
numL:
  composition: 0
  errDn: -29.783941507543943
  errUp: 29.783941507543943
  error: 29.783941507543943
  value: 655.2306496928172
