numB:
  composition: 0
  errDn: -32.695785970140584
  errUp: 32.695785970140584
  error: 32.695785970140584
  value: 23.567440989352637
numC:
  composition: 0
  errDn: -70.57816306248719
  errUp: 70.57816306248719
  error: 70.57816306248719
  value: 1732.5495860595383
numL:
  composition: 0
  errDn: -65.04464510209118
  errUp: 65.04464510209118
  error: 65.04464510209118
  value: 5320.3513596233015
