numB:
  composition: 0
  errDn: -21.002609990955534
  errUp: 21.002609990955534
  error: 21.002609990955534
  value: 444.93812051239024
numC:
  composition: 0
  errDn: -49.35486802939738
  errUp: 49.35486802939738
  error: 49.35486802939738
  value: 1118.7244234211414
numL:
  composition: 0
  errDn: -46.15584073396997
  errUp: 46.15584073396997
  error: 46.15584073396997
  value: 1891.8257045980547
