numB:
  composition: 0
  errDn: -37.24579649431463
  errUp: 37.24579649431463
  error: 37.24579649431463
  value: 154.0725051325757
numC:
  composition: 0
  errDn: -95.28737287449167
  errUp: 95.28737287449167
  error: 95.28737287449167
  value: 2505.374040632478
numL:
  composition: 0
  errDn: -113.85052738033846
  errUp: 113.85052738033846
  error: 113.85052738033846
  value: 22711.07358283368
