numB:
  composition: 0
  errDn: -12.371989312638364
  errUp: 12.371989312638364
  error: 12.371989312638364
  value: 17.577103204025136
numC:
  composition: 0
  errDn: -18.54335556229239
  errUp: 18.54335556229239
  error: 18.54335556229239
  value: 115.53848749582446
numL:
  composition: 0
  errDn: -14.018529589741519
  errUp: 14.018529589741519
  error: 14.018529589741519
  value: 113.0763311882341
