numB:
  composition: 0
  errDn: -29.916886810365327
  errUp: 29.916886810365327
  error: 29.916886810365327
  value: 138.02009135575227
numC:
  composition: 0
  errDn: -86.93785539532485
  errUp: 86.93785539532485
  error: 86.93785539532485
  value: 1270.8472932296995
numL:
  composition: 0
  errDn: -103.40379793000557
  errUp: 103.40379793000557
  error: 103.40379793000557
  value: 16135.629952473118
