nB:
  composition: 0.03509271389176416
  error: 84.08398709911626
  value: 6977.1997716877395
nC:
  composition: 0.19030462659808803
  error: 286.00267247652664
  value: 37836.72591828008
nFAKE:
  error: 181.48304390446356
  value: 15746.51452576273
nL:
  composition: 0.7746026595101478
  error: 334.9507926010265
  value: 154007.96631893734
