nB:
  composition: 0.043133334925269225
  error: 53.452854559724074
  value: 3342.2482891083732
nC:
  composition: 0.1653646136011636
  error: 190.7404151744022
  value: 12813.514138081839
nL:
  composition: 0.7915020514735671
  error: 214.00293742707072
  value: 61330.67109108502
