numB:
  composition: 0
  errDn: -14.452916609201154
  errUp: 14.452916609201154
  error: 14.452916609201154
  value: 249.8051828899681
numC:
  composition: 0
  errDn: -30.706913408213637
  errUp: 30.706913408213637
  error: 30.706913408213637
  value: 519.566847687207
numL:
  composition: 0
  errDn: -29.86211246646144
  errUp: 29.86211246646144
  error: 29.86211246646144
  value: 1016.4466203284687
