emptyFAKE: 0
nB:
  composition: 0.1
  value: 157.36208856633132
nC:
  composition: 0.2
  value: 314.72417713266265
nDATA:
  value: 1967.0261070791414
nFAKE:
  composition: 0.2
  value: 393.4052214158283
nL:
  composition: 0.7
  value: 1101.534619964319
nSIGN:
  value: 1573.6208856633132
