numB:
  errDn: 12.95121965598915
  errUp: 13.262936039112617
  error: 13.262936039112617
  value: 246.26548767089844
