numB:
  errDn: 13.75199297262975
  errUp: 14.123748953511495
  error: 14.123748953511495
  value: 298.75543212890625
