numC:
  errDn: 21.69641842587339
  errUp: 21.871221679265034
  error: 21.871221679265034
  value: 489.85626220703125
