numC:
  errDn: 21.38882223385474
  errUp: 21.668318634238744
  error: 21.668318634238744
  value: 535.0527954101562
