numL:
  errDn: 22.625732384274215
  errUp: 22.787817952768137
  error: 22.787817952768137
  value: 994.3870239257812
