numB:
  composition: 0
  errDn: -416.64850675576326
  errUp: 416.64850675576326
  error: 416.64850675576326
  value: 1.2089041168968362
numC:
  composition: 0
  errDn: -77.9081514357623
  errUp: 77.9081514357623
  error: 77.9081514357623
  value: 1558.751361201303
numL:
  composition: 0
  errDn: -70.92134797574545
  errUp: 70.92134797574545
  error: 70.92134797574545
  value: 4786.942409091232
