numB:
  composition: 0
  errDn: -0.5993477590446461
  errUp: 0.5993477590446461
  error: 0.5993477590446461
  value: 0.5147122607362887
numC:
  composition: 0
  errDn: -0.5579375935568994
  errUp: 0.5579375935568994
  error: 0.5579375935568994
  value: 0.1416221620639678
numL:
  composition: 0
  errDn: -1.2614643806844612
  errUp: 1.2614643806844612
  error: 1.2614643806844612
  value: 4.352773768787455
