numB:
  composition: 0
  errDn: -18.47866387759788
  errUp: 18.47866387759788
  error: 18.47866387759788
  value: 409.34793009633603
numC:
  composition: 0
  errDn: -72.4738143815714
  errUp: 72.4738143815714
  error: 72.4738143815714
  value: 2352.6377131385807
numL:
  composition: 0
  errDn: -104.9890335490818
  errUp: 104.9890335490818
  error: 104.9890335490818
  value: 24165.298327709315
