rB:
  errDn: -0.018199677519034094
  errUp: 0.018199677519034094
  error: 0.018199677519034094
  value: 0.011555709178460237
rC:
  errDn: -0.017455873112615594
  errUp: 0.017455873112615594
  error: 0.017455873112615594
  value: 0.05777102008404554
rL:
  errDn: -0.01538090213078841
  errUp: 0.01538090213078841
  error: 0.01538090213078841
  value: 0.5628471684829766
