numB:
  composition: 0
  errDn: -25.942663639331116
  errUp: 25.942663639331116
  error: 25.942663639331116
  value: 26.98592223383212
numC:
  composition: 0
  errDn: -48.01650136308058
  errUp: 48.01650136308058
  error: 48.01650136308058
  value: 389.38964571486906
numL:
  composition: 0
  errDn: -52.42647137063591
  errUp: 52.42647137063591
  error: 52.42647137063591
  value: 2609.1466845648233
