numB:
  composition: 0
  errDn: -6.787070580579648
  errUp: 6.787070580579648
  error: 6.787070580579648
  value: 23.43338373196071
numC:
  composition: 0
  errDn: -16.775537914063168
  errUp: 16.775537914063168
  error: 16.775537914063168
  value: 49.89484373917702
numL:
  composition: 0
  errDn: -16.72457352846314
  errUp: 16.72457352846314
  error: 16.72457352846314
  value: 210.33420021980308
