numB:
  composition: 0
  errDn: -7.041079620466426
  errUp: 7.041079620466426
  error: 7.041079620466426
  value: 3.7748469220095724
numC:
  composition: 0
  errDn: -17.297449066757935
  errUp: 17.297449066757935
  error: 17.297449066757935
  value: 45.88498658210117
numL:
  composition: 0
  errDn: -19.81423067532222
  errUp: 19.81423067532222
  error: 19.81423067532222
  value: 429.5436914098153
