numB:
  composition: 0
  errDn: -3.0619186671396785
  errUp: 3.0619186671396785
  error: 3.0619186671396785
  value: 9.342863951466832
numC:
  composition: 0
  errDn: -12.978444738045148
  errUp: 12.978444738045148
  error: 12.978444738045148
  value: 56.44951378451451
numL:
  composition: 0
  errDn: -17.066505990637296
  errUp: 17.066505990637296
  error: 17.066505990637296
  value: 462.16485796495425
