numB:
  composition: 0
  errDn: -16.976493856875607
  errUp: 16.976493856875607
  error: 16.976493856875607
  value: 46.5018013247448
numC:
  composition: 0
  errDn: -32.623606116561405
  errUp: 32.623606116561405
  error: 32.623606116561405
  value: 333.03027282711423
numL:
  composition: 0
  errDn: -28.728892626332055
  errUp: 28.728892626332055
  error: 28.728892626332055
  value: 488.41772407527253
