rB:
  errDn: -0.012970073169057472
  errUp: 0.012970073169057472
  error: 0.012970073169057472
  value: 3.5650081126091873e-09
rC:
  errDn: -0.009941727301288339
  errUp: 0.009941727301288339
  error: 0.009941727301288339
  value: 0.6738478622864975
rL:
  errDn: -0.004275892818036475
  errUp: 0.004275892818036475
  error: 0.004275892818036475
  value: 0.7601524705031487
