numB:
  composition: 0
  errDn: -2.0680924623870953
  errUp: 2.0680924623870953
  error: 2.0680924623870953
  value: 2.144264535625357
numC:
  composition: 0
  errDn: -3.9110975517542093
  errUp: 3.9110975517542093
  error: 3.9110975517542093
  value: 11.646341017693947
numL:
  composition: 0
  errDn: -3.853023987507901
  errUp: 3.853023987507901
  error: 3.853023987507901
  value: 11.634213298842274
