numB:
  composition: 0
  errDn: -25.87229337981421
  errUp: 25.87229337981421
  error: 25.87229337981421
  value: 485.1645824304714
numC:
  composition: 0
  errDn: -32.28392656185798
  errUp: 32.28392656185798
  error: 32.28392656185798
  value: 388.0963080503926
numL:
  composition: 0
  errDn: -26.198566124686323
  errUp: 26.198566124686323
  error: 26.198566124686323
  value: 318.4476243677091
