numB:
  composition: 0
  errDn: -18.6715782106413
  errUp: 18.6715782106413
  error: 18.6715782106413
  value: 249.66892265346877
numC:
  composition: 0
  errDn: -33.437527325909684
  errUp: 33.437527325909684
  error: 33.437527325909684
  value: 523.6365394449283
numL:
  composition: 0
  errDn: -31.779441667408378
  errUp: 31.779441667408378
  error: 31.779441667408378
  value: 1014.9001112482035
