numB:
  composition: 0
  errDn: -57.98470467057086
  errUp: 57.98470467057086
  error: 57.98470467057086
  value: 4202.893900307441
numC:
  composition: 0
  errDn: -236.1112862352802
  errUp: 236.1112862352802
  error: 236.1112862352802
  value: 28717.212332727184
numL:
  composition: 0
  errDn: -265.58561549618025
  errUp: 265.58561549618025
  error: 265.58561549618025
  value: 95309.46165084827
