nB:
  composition: 0.030680647290251377
  error: 39.726458425998544
  value: 1426.0889738465605
nC:
  composition: 0.13254229449337726
  error: 157.62366813566723
  value: 6160.792598576897
nFAKE:
  error: 79.04109864698057
  value: 3779.2850275421147
nL:
  composition: 0.8367770582163714
  error: 173.443942714046
  value: 38894.829206204515
