nFAKE:
  composition: 0.06309625357844854
  error: 91.57198996522266
  value: 3959.100838293567
nSIGN:
  composition: 0.9369037464215514
  error: 253.67334538705109
  value: 58787.90256930425
