rB:
  errDn: -0.013971436173424057
  errUp: 0.013971436173424057
  error: 0.013971436173424057
  value: 0.5345686769921743
rC:
  errDn: -0.008648885939268987
  errUp: 0.008648885939268987
  error: 0.008648885939268987
  value: 0.015951668231981096
rL:
  errDn: -0.00095181843143455
  errUp: 0.00095181843143455
  error: 0.00095181843143455
  value: 1.5167907620010357e-12
