numB:
  composition: 0
  errDn: -2.662399368183399
  errUp: 2.662399368183399
  error: 2.662399368183399
  value: 3.4544670261006076
numC:
  composition: 0
  errDn: -5.598051758516744
  errUp: 5.598051758516744
  error: 5.598051758516744
  value: 9.44888209460327
numL:
  composition: 0
  errDn: -7.105184861419012
  errUp: 7.105184861419012
  error: 7.105184861419012
  value: 57.525190815132845
