numB:
  composition: 0
  errDn: -1.1002200923979424
  errUp: 1.1002200923979424
  error: 1.1002200923979424
  value: 1.9524541764262107
numC:
  composition: 0
  errDn: -2.8429011404572826
  errUp: 2.8429011404572826
  error: 2.8429011404572826
  value: 4.999504015064625
numL:
  composition: 0
  errDn: -3.8214644800249395
  errUp: 3.8214644800249395
  error: 3.8214644800249395
  value: 22.93939954383534
