emptyFAKE: 0
nB:
  composition: 0.1
  value: 2.4000000000000004
nC:
  composition: 0.2
  value: 4.800000000000001
nDATA:
  value: 30.0
nFAKE:
  composition: 0.2
  value: 6.0
nL:
  composition: 0.7
  value: 16.799999999999997
