numFAKE:
  composition: 0
  errDn: -0.9905724147414536
  errUp: 0.9905724147414536
  error: 0.9905724147414536
  value: 2.040083580714372e-06
numSIGN:
  composition: 0
  errDn: -25.93197669147054
  errUp: 25.93197669147054
  error: 25.93197669147054
  value: 29.990310380094364
