emptyFAKE: 0
nB:
  composition: 0.1
  value: 43.999570201396494
nC:
  composition: 0.2
  value: 87.99914040279299
nDATA:
  value: 549.9946275174561
nFAKE:
  composition: 0.2
  value: 109.99892550349124
nL:
  composition: 0.7
  value: 307.99699140977543
nSIGN:
  value: 439.99570201396494
