numB:
  errDn: 9.660481858991119
  errUp: 9.925030475205602
  error: 9.925030475205602
  value: 151.2174835205078
