numC:
  errDn: 11.27504735282875
  errUp: 11.378805150716374
  error: 11.378805150716374
  value: 134.5706787109375
