numL:
  errDn: 10.76344782501593
  errUp: 10.970312279270928
  error: 10.970312279270928
  value: 188.57875061035156
