numC:
  errDn: 11.033651784496726
  errUp: 11.462743608193932
  error: 11.462743608193932
  value: 158.95303344726562
