numB:
  errDn: 9.557329506347912
  errUp: 9.82509874861617
  error: 9.82509874861617
  value: 158.01719665527344
