numB:
  composition: 0
  errDn: -3.599739439816118
  errUp: 3.599739439816118
  error: 3.599739439816118
  value: 16.603914384655464
numC:
  composition: 0
  errDn: -4.880237404411052
  errUp: 4.880237404411052
  error: 4.880237404411052
  value: 14.954574939888788
numL:
  composition: 0
  errDn: -4.629544273508882
  errUp: 4.629544273508882
  error: 4.629544273508882
  value: 23.781190504954758
