numC:
  errDn: 3.5081591824301537
  errUp: 3.798523748787904
  error: 3.798523748787904
  value: 16.362932205200195
