numB:
  errDn: 3.124026320245564
  errUp: 3.4186018476791027
  error: 3.4186018476791027
  value: 16.412622451782227
