numB:
  errDn: 3.0633961466070847
  errUp: 3.34090518083347
  error: 3.34090518083347
  value: 16.216154098510742
