numL:
  errDn: 3.5086446637736444
  errUp: 3.7635547215533904
  error: 3.7635547215533904
  value: 23.325008392333984
