numC:
  errDn: 3.5390793209312097
  errUp: 3.8218263389936027
  error: 3.8218263389936027
  value: 15.719988822937012
