numB:
  composition: 0
  errDn: -107.98429581209302
  errUp: 107.98429581209302
  error: 107.98429581209302
  value: 490.4751165107144
numC:
  composition: 0
  errDn: -182.62574250171474
  errUp: 182.62574250171474
  error: 182.62574250171474
  value: 14639.209471480457
numL:
  composition: 0
  errDn: -150.51402801561017
  errUp: 150.51402801561017
  error: 150.51402801561017
  value: 18966.971512080174
