numB:
  composition: 0
  errDn: -12.412367416599466
  errUp: 12.412367416599466
  error: 12.412367416599466
  value: 81.60599187910186
numC:
  composition: 0
  errDn: -31.02235297628279
  errUp: 31.02235297628279
  error: 31.02235297628279
  value: 207.9241875173542
numL:
  composition: 0
  errDn: -29.999924535267496
  errUp: 29.999924535267496
  error: 29.999924535267496
  value: 572.5679098956996
