numB:
  composition: 0
  errDn: -16.773039116074884
  errUp: 16.773039116074884
  error: 16.773039116074884
  value: 256.00809859861795
numC:
  composition: 0
  errDn: -62.942795558800526
  errUp: 62.942795558800526
  error: 62.942795558800526
  value: 1352.6841039660496
numL:
  composition: 0
  errDn: -91.0316558389477
  errUp: 91.0316558389477
  error: 91.0316558389477
  value: 14976.93720274656
