numB:
  composition: 0
  errDn: -6.457821399294907
  errUp: 6.457821399294907
  error: 6.457821399294907
  value: 39.35526667026502
numC:
  composition: 0
  errDn: -32.02141481579531
  errUp: 32.02141481579531
  error: 32.02141481579531
  value: 300.01212486156743
numL:
  composition: 0
  errDn: -37.14131177527179
  errUp: 37.14131177527179
  error: 37.14131177527179
  value: 1648.53235539546
