numC:
  errDn: 23.6018373216657
  errUp: 24.327257820727255
  error: 24.327257820727255
  value: 563.585693359375
