numL:
  errDn: 25.44072897859155
  errUp: 25.674675583240287
  error: 25.674675583240287
  value: 1430.0859375
