numB:
  errDn: 0.0
  errUp: 4.839839411612719
  error: 4.839839411612719
  value: 24.000001907348633
