numC:
  errDn: 21.230712090586337
  errUp: 21.324150560785654
  error: 21.324150560785654
  value: 291.1589660644531
