numB:
  errDn: 4.138469299582269
  errUp: 12.392247850874476
  error: 12.392247850874476
  value: 48.75
