numFAKE:
  errDn: 38.27404436312721
  errUp: 3.7381545476113445
  error: 38.27404436312721
  value: 90.0
