numSIGN:
  errDn: 44.44074433861965
  errUp: 45.11669303563394
  error: 45.11669303563394
  value: 1864.74755859375
