numSIGN:
  errDn: 44.62456431660166
  errUp: 45.31342079950923
  error: 45.31342079950923
  value: 1983.6978759765625
