numFAKE:
  errDn: 11.317411535589997
  errUp: 12.437106593957836
  error: 12.437106593957836
  value: 76.78031921386719
