rB:
  errDn: -0.019701927717537475
  errUp: 0.019701927717537475
  error: 0.019701927717537475
  value: 3.426529622194141e-08
rC:
  errDn: -0.016217429842482034
  errUp: 0.016217429842482034
  error: 0.016217429842482034
  value: 0.9803155501982475
rL:
  errDn: -0.009539946308497804
  errUp: 0.009539946308497804
  error: 0.009539946308497804
  value: 0.5436625762673954
