numB:
  composition: 0
  errDn: -48.03602087733043
  errUp: 48.03602087733043
  error: 48.03602087733043
  value: 2971.400540374258
numC:
  composition: 0
  errDn: -92.92853882284544
  errUp: 92.92853882284544
  error: 92.92853882284544
  value: 6702.274809129095
numL:
  composition: 0
  errDn: -79.81390108719506
  errUp: 79.81390108719506
  error: 79.81390108719506
  value: 5389.64762886552
