rB:
  errDn: -0.041662682147824634
  errUp: 0.041662682147824634
  error: 0.041662682147824634
  value: 0.13044765281851206
rC:
  errDn: -0.003688111230628073
  errUp: 0.003688111230628073
  error: 0.003688111230628073
  value: 0.03946690370455293
rL:
  errDn: -0.00017937284678213325
  errUp: 0.00017937284678213325
  error: 0.00017937284678213325
  value: 1.197781451930599e-11
