numB:
  composition: 0
  errDn: -14.187826115224766
  errUp: 14.187826115224766
  error: 14.187826115224766
  value: 151.48252570964118
numC:
  composition: 0
  errDn: -16.58593916984352
  errUp: 16.58593916984352
  error: 16.58593916984352
  value: 106.79280776765394
numL:
  composition: 0
  errDn: -12.75187366393174
  errUp: 12.75187366393174
  error: 12.75187366393174
  value: 93.52468406040049
