numB:
  composition: 0
  errDn: -41.81252761030123
  errUp: 41.81252761030123
  error: 41.81252761030123
  value: 2008.960689395635
numC:
  composition: 0
  errDn: -143.6411424457865
  errUp: 143.6411424457865
  error: 143.6411424457865
  value: 10312.777729525318
numL:
  composition: 0
  errDn: -193.43311299906054
  errUp: 193.43311299906054
  error: 193.43311299906054
  value: 66742.69799591372
