numB:
  composition: 0
  errDn: -5.719803372238138
  errUp: 5.719803372238138
  error: 5.719803372238138
  value: 5.924156966800684
numC:
  composition: 0
  errDn: -9.534707434604409
  errUp: 9.534707434604409
  error: 9.534707434604409
  value: 35.23198238541955
numL:
  composition: 0
  errDn: -8.575769963166803
  errUp: 8.575769963166803
  error: 8.575769963166803
  value: 43.80855654682775
