numB:
  composition: 0
  errDn: -21.963565875577956
  errUp: 21.963565875577956
  error: 21.963565875577956
  value: 396.066653660981
numC:
  composition: 0
  errDn: -14.798247265566424
  errUp: 14.798247265566424
  error: 14.798247265566424
  value: 57.00008932172198
numL:
  composition: 0
  errDn: -12.867970938893569
  errUp: 12.867970938893569
  error: 12.867970938893569
  value: 31.44850904071814
