numB:
  composition: 0
  errDn: -5.831453762383582
  errUp: 5.831453762383582
  error: 5.831453762383582
  value: 4.6938186045201654e-11
numC:
  composition: 0
  errDn: -28.84364978467289
  errUp: 28.84364978467289
  error: 28.84364978467289
  value: 720.0936926049955
numL:
  composition: 0
  errDn: -27.988146630575955
  errUp: 27.988146630575955
  error: 27.988146630575955
  value: 598.2876560009926
