nB:
  composition: 0.03298418379842831
  error: 50.724607230986294
  value: 1937.9541254351454
nC:
  composition: 0.14429272022523837
  error: 174.96117426096953
  value: 8477.780567184578
nFAKE:
  error: 112.07339188266133
  value: 6185.748548256724
nL:
  composition: 0.8227230959763334
  error: 191.86358377225042
  value: 48338.30746523075
