nB:
  composition: 0.03119274058659959
  error: 32.3015306425487
  value: 869.809292641727
nC:
  composition: 0.11649963238339381
  error: 131.07929291870505
  value: 3248.5912084285874
nL:
  composition: 0.8523076270300066
  error: 141.51519808518606
  value: 23766.590566864168
