rB:
  errDn: -0.025139517961242946
  errUp: 0.025139517961242946
  error: 0.025139517961242946
  value: 0.3520905029367042
rC:
  errDn: -0.023374040331549495
  errUp: 0.023374040331549495
  error: 0.023374040331549495
  value: 0.8234061010338785
rL:
  errDn: -0.01031238069387036
  errUp: 0.01031238069387036
  error: 0.01031238069387036
  value: 0.6838475184458
