numFAKE:
  composition: 0
  errDn: -46.074874506069136
  errUp: 46.074874506069136
  error: 46.074874506069136
  value: 1082.255534266042
numSIGN:
  composition: 0
  errDn: -110.63847794420326
  errUp: 110.63847794420326
  error: 110.63847794420326
  value: 11241.731634186743
