numB:
  composition: 0
  errDn: -85.36564577030276
  errUp: 85.36564577030276
  error: 85.36564577030276
  value: 5681.62242121339
numC:
  composition: 0
  errDn: -88.95998293617072
  errUp: 88.95998293617072
  error: 88.95998293617072
  value: 3559.9682938770748
numL:
  composition: 0
  errDn: -68.59242991387794
  errUp: 68.59242991387794
  error: 68.59242991387794
  value: 1990.2656968076199
