emptyFAKE: 0
nB:
  composition: 0.1
  value: 985.9200000000001
nC:
  composition: 0.2
  value: 1971.8400000000001
nDATA:
  value: 12324.0
nFAKE:
  composition: 0.2
  value: 2464.8
nL:
  composition: 0.7
  value: 6901.4400000000005
nSIGN:
  value: 9859.2
