numB:
  composition: 0
  errDn: -30.85511703781586
  errUp: 30.85511703781586
  error: 30.85511703781586
  value: 530.4807031675152
numC:
  composition: 0
  errDn: -64.99222885744678
  errUp: 64.99222885744678
  error: 64.99222885744678
  value: 1497.9541027441633
numL:
  composition: 0
  errDn: -60.64196095320358
  errUp: 60.64196095320358
  error: 60.64196095320358
  value: 2550.6332443430792
