numB:
  composition: 0
  errDn: -26.523211016127654
  errUp: 26.523211016127654
  error: 26.523211016127654
  value: 54.643414179735615
numC:
  composition: 0
  errDn: -69.62117200797786
  errUp: 69.62117200797786
  error: 69.62117200797786
  value: 586.2025276438359
numL:
  composition: 0
  errDn: -82.31126461024269
  errUp: 82.31126461024269
  error: 82.31126461024269
  value: 7023.151140415853
