numB:
  composition: 0
  errDn: -40.08056827260498
  errUp: 40.08056827260498
  error: 40.08056827260498
  value: 11.07236998228004
numC:
  composition: 0
  errDn: -89.5491111272629
  errUp: 89.5491111272629
  error: 89.5491111272629
  value: 1348.198640971952
numL:
  composition: 0
  errDn: -103.70996712792567
  errUp: 103.70996712792567
  error: 103.70996712792567
  value: 12892.548432563703
