numB:
  composition: 0
  errDn: -16.095879049010378
  errUp: 16.095879049010378
  error: 16.095879049010378
  value: 247.38386500554552
numC:
  composition: 0
  errDn: -11.852086221310689
  errUp: 11.852086221310689
  error: 11.852086221310689
  value: 41.04944463999131
numL:
  composition: 0
  errDn: -6.2146946375991785
  errUp: 6.2146946375991785
  error: 6.2146946375991785
  value: 13.173333648898087
