numB:
  composition: 0
  errDn: -28.09007843408051
  errUp: 28.09007843408051
  error: 28.09007843408051
  value: 502.0003326714624
numC:
  composition: 0
  errDn: -51.11850071287063
  errUp: 51.11850071287063
  error: 51.11850071287063
  value: 1131.4357152078053
numL:
  composition: 0
  errDn: -44.9899279674197
  errUp: 44.9899279674197
  error: 44.9899279674197
  value: 1485.7453643823994
