rB:
  errDn: -0.008503529602099281
  errUp: 0.008503529602099281
  error: 0.008503529602099281
  value: 1.7514743995417081e-15
rC:
  errDn: -0.003700937371149904
  errUp: 0.003700937371149904
  error: 0.003700937371149904
  value: 0.7385437375654452
rL:
  errDn: -0.0006020556515792934
  errUp: 0.0006020556515792934
  error: 0.0006020556515792934
  value: 2.3355324830142896e-10
