numB:
  composition: 0
  errDn: -29.166133619710564
  errUp: 29.166133619710564
  error: 29.166133619710564
  value: 531.1990660601069
numC:
  composition: 0
  errDn: -61.71597672466498
  errUp: 61.71597672466498
  error: 61.71597672466498
  value: 1498.5070694053343
numL:
  composition: 0
  errDn: -57.25765315282797
  errUp: 57.25765315282797
  error: 57.25765315282797
  value: 2551.014583176162
