numB:
  composition: 0
  errDn: -63.30977954109415
  errUp: 63.30977954109415
  error: 63.30977954109415
  value: 62.96738170109368
numC:
  composition: 0
  errDn: -132.08287547592545
  errUp: 132.08287547592545
  error: 132.08287547592545
  value: 2567.076050183197
numL:
  composition: 0
  errDn: -127.98851996722533
  errUp: 127.98851996722533
  error: 127.98851996722533
  value: 16255.726975898653
