numB:
  composition: 0
  errDn: -21.01959466882181
  errUp: 21.01959466882181
  error: 21.01959466882181
  value: 312.65939135822254
numC:
  composition: 0
  errDn: -37.51299706685853
  errUp: 37.51299706685853
  error: 37.51299706685853
  value: 664.4863635861428
numL:
  composition: 0
  errDn: -34.28783584233997
  errUp: 34.28783584233997
  error: 34.28783584233997
  value: 1056.9047260991517
