numB:
  composition: 0
  errDn: -43.409227537667334
  errUp: 43.409227537667334
  error: 43.409227537667334
  value: 46.99828832879662
numC:
  composition: 0
  errDn: -108.12923967501587
  errUp: 108.12923967501587
  error: 108.12923967501587
  value: 1105.6796114493045
numL:
  composition: 0
  errDn: -113.9811620239634
  errUp: 113.9811620239634
  error: 113.9811620239634
  value: 13032.338496327971
