nB:
  composition: 0.02743432047978936
  error: 26.393869858479604
  value: 778.246740249432
nC:
  composition: 0.14246572681602554
  error: 112.38632639807315
  value: 4041.4154807850105
nFAKE:
  error: 58.314420370641756
  value: 1899.3601819062872
nL:
  composition: 0.830099952704185
  error: 131.0688127724352
  value: 23547.970971220493
