nFAKE:
  composition: 0.06209821184780757
  error: 58.86371338832237
  value: 1879.5264316270557
nSIGN:
  composition: 0.9379017881521925
  error: 173.50246313805837
  value: 28387.471211291613
