nB:
  composition: 0.048966298428200064
  error: 12.586941816959524
  value: 217.94899827136518
nC:
  composition: 0.1652144570543218
  error: 46.21218459988074
  value: 735.369561735127
nL:
  composition: 0.7858192445174781
  error: 51.22464033325923
  value: 3497.681521017535
