numFAKE:
  composition: 0
  errDn: -25.37683482312667
  errUp: 25.37683482312667
  error: 25.37683482312667
  value: 458.957269022175
numSIGN:
  composition: 0
  errDn: -78.51698767942707
  errUp: 78.51698767942707
  error: 78.51698767942707
  value: 5978.04288875767
