numB:
  composition: 0
  errDn: -12.490570839093735
  errUp: 12.490570839093735
  error: 12.490570839093735
  value: 158.49081337609178
numC:
  composition: 0
  errDn: -62.117677103570145
  errUp: 62.117677103570145
  error: 62.117677103570145
  value: 1328.152251353765
numL:
  composition: 0
  errDn: -67.70968910056354
  errUp: 67.70968910056354
  error: 67.70968910056354
  value: 4484.169236995189
