numB:
  errDn: 10.477066204994856
  errUp: 10.689891698542539
  error: 10.689891698542539
  value: 130.80322265625
