numFAKE:
  errDn: 25.062443562121473
  errUp: 25.946963435469343
  error: 25.946963435469343
  value: 465.1919860839844
