numB:
  errDn: 3.3132478438046746
  errUp: 55.982547045418954
  error: 55.982547045418954
  value: 197.5
