numSIGN:
  errDn: 77.63294899122684
  errUp: 78.579639181522
  error: 78.579639181522
  value: 5946.6318359375
