numSIGN:
  errDn: 77.45925043402349
  errUp: 78.15957163832263
  error: 78.15957163832263
  value: 5776.62744140625
