numL:
  errDn: 44.72868249732983
  errUp: 44.95253389341178
  error: 44.95253389341178
  value: 4176.435546875
