numC:
  errDn: 42.059730332689014
  errUp: 42.66974297126626
  error: 42.66974297126626
  value: 1690.357666015625
