numFAKE:
  errDn: 235.33407631960665
  errUp: 3.0263630302496267
  error: 235.33407631960665
  value: 572.5
