numC:
  errDn: 39.65066121445079
  errUp: 39.94674593025093
  error: 39.94674593025093
  value: 1288.72119140625
