numB:
  composition: 0
  errDn: -15.86390742459534
  errUp: 15.86390742459534
  error: 15.86390742459534
  value: 312.8988622491398
numC:
  composition: 0
  errDn: -33.29795734301047
  errUp: 33.29795734301047
  error: 33.29795734301047
  value: 646.1790010154903
numL:
  composition: 0
  errDn: -31.49985145337223
  errUp: 31.49985145337223
  error: 31.49985145337223
  value: 1072.3478746567657
