emptyFAKE: 1
nB:
  composition: 0.1
  value: 0.31879373329414545
nC:
  composition: 0.2
  value: 0.6375874665882909
nDATA:
  value: 3.9849216661768176
nFAKE:
  composition: 0.2
  value: 0.7969843332353636
nL:
  composition: 0.7
  value: 2.231556133059018
nSIGN:
  value: 3.187937332941454
