numB:
  composition: 0
  errDn: -28.566516914128812
  errUp: 28.566516914128812
  error: 28.566516914128812
  value: 438.31237353292397
numC:
  composition: 0
  errDn: -58.51600308239392
  errUp: 58.51600308239392
  error: 58.51600308239392
  value: 1172.6163572689948
numL:
  composition: 0
  errDn: -52.93703528362573
  errUp: 52.93703528362573
  error: 52.93703528362573
  value: 1845.268398962037
