numB:
  composition: 0
  errDn: -8.14343516249332
  errUp: 8.14343516249332
  error: 8.14343516249332
  value: 27.700200100305473
numC:
  composition: 0
  errDn: -17.796243939670063
  errUp: 17.796243939670063
  error: 17.796243939670063
  value: 186.458739989462
numL:
  composition: 0
  errDn: -16.643684531595568
  errUp: 16.643684531595568
  error: 16.643684531595568
  value: 240.41487597319437
