nB:
  composition: 0.019910721488654762
  error: 21.694463756560907
  value: 386.09841005532627
nC:
  composition: 0.12365292852226056
  error: 94.40468778626541
  value: 2397.8136165649985
nFAKE:
  error: 50.26622338023128
  value: 1288.7680173906735
nL:
  composition: 0.8564363499890847
  error: 109.01495129399518
  value: 16607.57061128043
