rB:
  errDn: -0.04997663216666057
  errUp: 0.04997663216666057
  error: 0.04997663216666057
  value: 0.0790663070548637
rC:
  errDn: -0.004792285743934213
  errUp: 0.004792285743934213
  error: 0.004792285743934213
  value: 0.04520798830915221
rL:
  errDn: -0.005972659608518238
  errUp: 0.005972659608518238
  error: 0.005972659608518238
  value: 2.0376878875644905e-09
