numB:
  composition: 0
  errDn: -35.63971420625029
  errUp: 35.63971420625029
  error: 35.63971420625029
  value: 49.123239406045265
numC:
  composition: 0
  errDn: -79.77372334581682
  errUp: 79.77372334581682
  error: 79.77372334581682
  value: 584.1231360033256
numL:
  composition: 0
  errDn: -71.19838647125744
  errUp: 71.19838647125744
  error: 71.19838647125744
  value: 4388.617856006847
