numB:
  composition: 0
  errDn: -57.09502027101303
  errUp: 57.09502027101303
  error: 57.09502027101303
  value: 3648.228435678503
numC:
  composition: 0
  errDn: -197.28406186779284
  errUp: 197.28406186779284
  error: 197.28406186779284
  value: 20332.287954520812
numL:
  composition: 0
  errDn: -251.22118217112438
  errUp: 251.22118217112438
  error: 251.22118217112438
  value: 105558.61978058449
