numB:
  composition: 0
  errDn: -13.562653457790926
  errUp: 13.562653457790926
  error: 13.562653457790926
  value: 8.92486241746718
numC:
  composition: 0
  errDn: -32.46002695624615
  errUp: 32.46002695624615
  error: 32.46002695624615
  value: 118.38161740932881
numL:
  composition: 0
  errDn: -35.8517084328638
  errUp: 35.8517084328638
  error: 35.8517084328638
  value: 1241.089477118346
