numB:
  composition: 0
  errDn: -2.4568686834037434
  errUp: 2.4568686834037434
  error: 2.4568686834037434
  value: 4.530497029766314
numC:
  composition: 0
  errDn: -13.166755205488421
  errUp: 13.166755205488421
  error: 13.166755205488421
  value: 77.034476481968
numL:
  composition: 0
  errDn: -15.719188888534035
  errUp: 15.719188888534035
  error: 15.719188888534035
  value: 333.10057498352427
