numC:
  errDn: 9.28094647434341
  errUp: 9.639851602098972
  error: 9.639851602098972
  value: 76.5997543334961
