numFAKE:
  errDn: 5.650501929867275
  errUp: 3.944971450466902
  error: 5.650501929867275
  value: 11.25
