numC:
  errDn: 10.61403034227422
  errUp: 10.965834802440241
  error: 30
  value: 123.09999084472656
