numB:
  errDn: 0.9063227345294429
  errUp: 2.997000217437744
  error: 20
  value: 5.0
