numL:
  errDn: 11.567568373390884
  errUp: 11.607433038591353
  error: 11.607433038591353
  value: 296.7078552246094
