numB:
  errDn: 0.0
  errUp: 1.9414746016620104
  error: 1.9414746016620104
  value: 2.5010125637054443
