numSIGN:
  errDn: 20.17165874697423
  errUp: 20.88700060799215
  error: 20.88700060799215
  value: 415.4543762207031
