numFAKE:
  errDn: 4.387887761106255
  errUp: 5.7641596286261745
  error: 5.7641596286261745
  value: 11.068465232849121
