numSIGN:
  errDn: 20.075371453358798
  errUp: 20.734219490675912
  error: 20.734219490675912
  value: 382.2618408203125
