numC:
  errDn: 3.152527075157497
  errUp: 3.407223485267366
  error: 3.407223485267366
  value: 15.397884368896484
