numB:
  errDn: 2.775697841729217
  errUp: 3.0644128135400592
  error: 3.0644128135400592
  value: 14.858736991882324
