numL:
  errDn: 2.7554172141926117
  errUp: 3.0222077759924737
  error: 3.0222077759924737
  value: 11.278325080871582
