numC:
  errDn: 3.0879799817409364
  errUp: 3.355803671992607
  error: 3.355803671992607
  value: 14.633889198303223
