numB:
  errDn: 2.879433797026403
  errUp: 3.1438568328150396
  error: 3.1438568328150396
  value: 15.679423332214355
