numB:
  errDn: 153.68242527296232
  errUp: 1.3364141324687466
  error: 153.68242527296232
  value: 256.0
