numB:
  errDn: 14.030069420463605
  errUp: 14.356001789287461
  error: 14.356001789287461
  value: 222.38034057617188
