numL:
  errDn: 75.94919029736957
  errUp: 76.98988999089306
  error: 76.98988999089306
  value: 14720.453125
