numC:
  errDn: 48.71644621238511
  errUp: 49.1175957196142
  error: 49.1175957196142
  value: 1353.00732421875
