numC:
  errDn: 1.5235784541141584
  errUp: 1010.6201171875
  error: 1010.6201171875
  value: 1690.0
