emptyFAKE: 0
nB:
  composition: 0.1
  value: 79.05247991797984
nC:
  composition: 0.2
  value: 158.10495983595968
nDATA:
  value: 988.155998974748
nFAKE:
  composition: 0.2
  value: 197.6311997949496
nL:
  composition: 0.7
  value: 553.3673594258588
nSIGN:
  value: 790.5247991797984
