numC:
  errDn: 15.44219384479345
  errUp: 15.735391856326032
  error: 15.735391856326032
  value: 316.86883544921875
