numB:
  errDn: 14.931991033152201
  errUp: 15.271627281225676
  error: 15.271627281225676
  value: 385.2171630859375
