numC:
  errDn: 15.60648748919209
  errUp: 15.851914973556177
  error: 15.851914973556177
  value: 303.9307861328125
