numB:
  errDn: 14.267357763436053
  errUp: 14.507676824316547
  error: 14.507676824316547
  value: 363.4176025390625
