numL:
  errDn: 13.470189647840073
  errUp: 13.934038098014668
  error: 13.934038098014668
  value: 203.88328552246094
