numB:
  composition: 0
  errDn: -22.08124461076565
  errUp: 22.08124461076565
  error: 22.08124461076565
  value: 533.142456742703
numC:
  composition: 0
  errDn: -83.48347547548042
  errUp: 83.48347547548042
  error: 83.48347547548042
  value: 2641.1902717589874
numL:
  composition: 0
  errDn: -107.93086319122449
  errUp: 107.93086319122449
  error: 107.93086319122449
  value: 19010.373625586326
