numFAKE:
  composition: 0
  errDn: -7.107139590532144
  errUp: 7.107139590532144
  error: 7.107139590532144
  value: 30.60655624312313
numSIGN:
  composition: 0
  errDn: -30.653878617691646
  errUp: 30.653878617691646
  error: 30.653878617691646
  value: 930.3938543001756
