numB:
  composition: 0
  errDn: -5.821752340640522
  errUp: 5.821752340640522
  error: 5.821752340640522
  value: 35.192955355024594
numC:
  composition: 0
  errDn: -25.3653527369925
  errUp: 25.3653527369925
  error: 25.3653527369925
  value: 127.60883670793041
numL:
  composition: 0
  errDn: -27.680172144570975
  errUp: 27.680172144570975
  error: 27.680172144570975
  value: 766.4540912298442
