numL:
  errDn: 17.29940770796304
  errUp: 17.529803815613832
  error: 17.529803815613832
  value: 656.6292724609375
