numB:
  errDn: 2.3907508850097656
  errUp: 4.527115258696284
  error: 4.527115258696284
  value: 23.92300033569336
