numB:
  errDn: 6.3052214279120875
  errUp: 5.987464592235227
  error: 6.3052214279120875
  value: 43.75
