numFAKE:
  errDn: 6.781205939052466
  errUp: 7.802748583471256
  error: 7.802748583471256
  value: 31.742137908935547
