numFAKE:
  errDn: 16.409943771479938
  errUp: 3.380920372059933
  error: 16.409943771479938
  value: 37.5
