numSIGN:
  errDn: 30.35477684041416
  errUp: 31.027651993739255
  error: 31.027651993739255
  value: 927.9259033203125
