numC:
  errDn: 0.0
  errUp: 9.89953714086053
  error: 9.89953714086053
  value: 127.0
