numC:
  errDn: 5.803061311543701
  errUp: 0.0
  error: 5.803061311543701
  value: 254.0
