numSIGN:
  errDn: 30.208687581067807
  errUp: 30.880685852783245
  error: 30.880685852783245
  value: 880.0833740234375
