numB:
  composition: 0
  errDn: -2.828913619120476
  errUp: 2.828913619120476
  error: 2.828913619120476
  value: 2.528528626403993
numC:
  composition: 0
  errDn: -4.386953107773584
  errUp: 4.386953107773584
  error: 4.386953107773584
  value: 11.345920003673502
numL:
  composition: 0
  errDn: -4.375592030084887
  errUp: 4.375592030084887
  error: 4.375592030084887
  value: 11.618427530045635
