numB:
  composition: 0
  errDn: -55.384176833180476
  errUp: 55.384176833180476
  error: 55.384176833180476
  value: 112.0008035106871
numC:
  composition: 0
  errDn: -121.78557840117946
  errUp: 121.78557840117946
  error: 121.78557840117946
  value: 1773.571597385367
numL:
  composition: 0
  errDn: -120.30364235881734
  errUp: 120.30364235881734
  error: 120.30364235881734
  value: 13745.897824684836
