nFAKE:
  composition: 0.06728218043743518
  error: 24.57227369103731
  value: 334.39242230958615
nSIGN:
  composition: 0.9327178195625647
  error: 70.01623904326334
  value: 4635.60736270828
