numB:
  composition: 0
  errDn: -7.9170159895740895
  errUp: 7.9170159895740895
  error: 7.9170159895740895
  value: 91.52079084271985
numC:
  composition: 0
  errDn: -7.526579530347534
  errUp: 7.526579530347534
  error: 7.526579530347534
  value: 16.546826106595567
numL:
  composition: 0
  errDn: -5.906992725242355
  errUp: 5.906992725242355
  error: 5.906992725242355
  value: 11.05594940251718
