numB:
  composition: 0
  errDn: -39.531638067525705
  errUp: 39.531638067525705
  error: 39.531638067525705
  value: 1864.1589961175403
numC:
  composition: 0
  errDn: -83.54693986455368
  errUp: 83.54693986455368
  error: 83.54693986455368
  value: 4382.939399647378
numL:
  composition: 0
  errDn: -73.16468733833153
  errUp: 73.16468733833153
  error: 73.16468733833153
  value: 4063.5625759875356
