numB:
  composition: 0
  errDn: -2.9560569892965853
  errUp: 2.9560569892965853
  error: 2.9560569892965853
  value: 1.5144245913291663
numC:
  composition: 0
  errDn: -5.37356010556838
  errUp: 5.37356010556838
  error: 5.37356010556838
  value: 12.42099386862029
numL:
  composition: 0
  errDn: -4.826431799567868
  errUp: 4.826431799567868
  error: 4.826431799567868
  value: 20.549631312524053
