nB:
  composition: 0.0467231654336851
  error: 18.873969599169868
  value: 383.40970221928495
nC:
  composition: 0.15796480520466097
  error: 66.19715671421534
  value: 1296.2571855412405
nL:
  composition: 0.7953120293616538
  error: 70.8428495707767
  value: 6526.320413409472
