nB:
  composition: 0.03170302327248525
  error: 45.40733547624154
  value: 1656.761118236553
nC:
  composition: 0.14432858568040913
  error: 171.2416929469241
  value: 7542.434894936439
nFAKE:
  error: 97.09546621756408
  value: 4032.232807582993
nL:
  composition: 0.8239683910471057
  error: 193.13295795959857
  value: 43059.57766897108
