rB:
  errDn: -1.7613559692938907
  errUp: 1.7613559692938907
  error: 1.7613559692938907
  value: 0.012474200948201756
rC:
  errDn: -0.005840510573839747
  errUp: 0.005840510573839747
  error: 0.005840510573839747
  value: 0.4501810611028155
rL:
  errDn: -0.0047722382926577225
  errUp: 0.0047722382926577225
  error: 0.0047722382926577225
  value: 0.06782135127379967
