emptyFAKE: 0
nB:
  composition: 0.1
  value: 403.1033559117432
nC:
  composition: 0.2
  value: 806.2067118234864
nDATA:
  value: 5038.79194889679
nFAKE:
  composition: 0.2
  value: 1007.758389779358
nL:
  composition: 0.7
  value: 2821.723491382202
nSIGN:
  value: 4031.033559117432
