numB:
  errDn: 20.30826504901472
  errUp: 20.625951030576175
  error: 20.625951030576175
  value: 546.6552124023438
