numB:
  errDn: 21.975719771692525
  errUp: 22.29691704745028
  error: 22.29691704745028
  value: 692.3750610351562
