numC:
  errDn: 36.07022424888919
  errUp: 36.312684389571814
  error: 36.312684389571814
  value: 1349.382568359375
