numC:
  errDn: 35.53176263902583
  errUp: 35.77646589838059
  error: 35.77646589838059
  value: 1407.2899169921875
