numL:
  errDn: 37.307814725340904
  errUp: 37.52584758470948
  error: 37.52584758470948
  value: 2571.0107421875
