numB:
  composition: 0
  errDn: -40.31276363102893
  errUp: 40.31276363102893
  error: 40.31276363102893
  value: 2220.466683532815
numC:
  composition: 0
  errDn: -80.56622608705584
  errUp: 80.56622608705584
  error: 80.56622608705584
  value: 5302.818777967642
numL:
  composition: 0
  errDn: -68.44985226191397
  errUp: 68.44985226191397
  error: 68.44985226191397
  value: 3635.6472954463225
