emptyFAKE: 0
nB:
  composition: 0.1
  value: 3905.4400000000005
nC:
  composition: 0.2
  value: 7810.880000000001
nDATA:
  value: 48818.0
nFAKE:
  composition: 0.2
  value: 9763.6
nL:
  composition: 0.7
  value: 27338.079999999998
nSIGN:
  value: 39054.4
