numB:
  composition: 0
  errDn: -33.3828337533032
  errUp: 33.3828337533032
  error: 33.3828337533032
  value: 1267.3988183830925
numC:
  composition: 0
  errDn: -129.19952855426982
  errUp: 129.19952855426982
  error: 129.19952855426982
  value: 8197.334571230826
numL:
  composition: 0
  errDn: -154.16323678842673
  errUp: 154.16323678842673
  error: 154.16323678842673
  value: 35236.66795012923
