numL:
  errDn: 122.3702040803837
  errUp: 122.5857817464057
  error: 122.5857817464057
  value: 33269.12109375
