numB:
  errDn: 28.347869642524188
  errUp: 28.708309970421396
  error: 28.708309970421396
  value: 1043.9937744140625
