numSIGN:
  errDn: 213.93219261761988
  errUp: 214.9598688236074
  error: 214.9598688236074
  value: 42837.98828125
