numC:
  errDn: 108.97335867651964
  errUp: 109.40576498084374
  error: 109.40576498084374
  value: 10878.2529296875
