numFAKE:
  errDn: 81.22638669042317
  errUp: 82.40677494975625
  error: 82.40677494975625
  value: 4028.649169921875
