numB:
  errDn: 2.76279548370826
  errUp: 387.84371267262304
  error: 387.84371267262304
  value: 1267.0
