numFAKE:
  errDn: 398.9813039920318
  errUp: 15.32900696175966
  error: 398.9813039920318
  value: 3906.0
