numSIGN:
  errDn: 215.2593361764666
  errUp: 215.94952738258144
  error: 215.94952738258144
  value: 44911.453125
