numC:
  errDn: 97.81259880098696
  errUp: 98.18509046936197
  error: 98.18509046936197
  value: 8198.0302734375
