numB:
  composition: 0
  errDn: -20.81791669609144
  errUp: 20.81791669609144
  error: 20.81791669609144
  value: 82.5166006285101
numC:
  composition: 0
  errDn: -41.45173971728144
  errUp: 41.45173971728144
  error: 41.45173971728144
  value: 1000.4590193874359
numL:
  composition: 0
  errDn: -32.54269517545413
  errUp: 32.54269517545413
  error: 32.54269517545413
  value: 670.3117052421379
