numB:
  composition: 0
  errDn: -47.88357612413574
  errUp: 47.88357612413574
  error: 47.88357612413574
  value: 2972.5401689204173
numC:
  composition: 0
  errDn: -94.10255508431237
  errUp: 94.10255508431237
  error: 94.10255508431237
  value: 6699.887510023375
numL:
  composition: 0
  errDn: -81.20075069924633
  errUp: 81.20075069924633
  error: 81.20075069924633
  value: 5390.8576076098525
