numC:
  errDn: 66.61152079942349
  errUp: 66.41216122612059
  error: 66.61152079942349
  value: 6295.32275390625
