numL:
  errDn: 59.86627988420878
  errUp: 59.078508999434234
  error: 59.86627988420878
  value: 4268.81201171875
