numC:
  errDn: 5007.50244140625
  errUp: 0.0
  error: 5007.50244140625
  value: 8373.75
