numB:
  errDn: 16.595103231838493
  errUp: 134.31511007035988
  error: 134.31511007035988
  value: 3715.0
