numB:
  errDn: 41.93837406605189
  errUp: 42.2155980527441
  error: 42.2155980527441
  value: 2602.868408203125
