numB:
  composition: 0
  errDn: -2.8877138373543896
  errUp: 2.8877138373543896
  error: 2.8877138373543896
  value: 9.453549571061505
numC:
  composition: 0
  errDn: -13.040255201792057
  errUp: 13.040255201792057
  error: 13.040255201792057
  value: 51.15463244009726
numL:
  composition: 0
  errDn: -15.349221267624415
  errUp: 15.349221267624415
  error: 15.349221267624415
  value: 314.4040390164808
