numB:
  composition: 0
  errDn: -5.60942483192813
  errUp: 5.60942483192813
  error: 5.60942483192813
  value: 17.92663638580674
numC:
  composition: 0
  errDn: -10.98447620514131
  errUp: 10.98447620514131
  error: 10.98447620514131
  value: 41.36753010078041
numL:
  composition: 0
  errDn: -10.568423862076905
  errUp: 10.568423862076905
  error: 10.568423862076905
  value: 101.00773951678666
