nFAKE:
  composition: 0.058638533863045975
  error: 7.549207221911034
  value: 34.88991608204967
nSIGN:
  composition: 0.941361466136954
  error: 24.01120088242982
  value: 560.1098866677478
