numC:
  errDn: 0.8938624871839238
  errUp: 1115.27001953125
  error: 1115.27001953125
  value: 1119.0
