numB:
  errDn: 14.791627304786857
  errUp: 15.186677255497585
  error: 15.186677255497585
  value: 220.2774658203125
