numC:
  errDn: 52.187960758018335
  errUp: 52.6009452318483
  error: 52.6009452318483
  value: 1043.8355712890625
