numB:
  errDn: 164.4499969482422
  errUp: 1.1641602268078373
  error: 164.4499969482422
  value: 275.0
