numL:
  errDn: 73.58127309156771
  errUp: 73.86003171516859
  error: 73.86003171516859
  value: 13790.7998046875
