emptyFAKE: 0
nB:
  composition: 0.1
  value: 1481.610080421406
nC:
  composition: 0.2
  value: 2963.220160842812
nDATA:
  value: 18520.126005267575
nFAKE:
  composition: 0.2
  value: 3704.025201053515
nL:
  composition: 0.7
  value: 10371.270562949841
nSIGN:
  value: 14816.10080421406
