numB:
  composition: 0
  errDn: -21.76382078246374
  errUp: 21.76382078246374
  error: 21.76382078246374
  value: 366.08199642932567
numC:
  composition: 0
  errDn: -91.54920793280701
  errUp: 91.54920793280701
  error: 91.54920793280701
  value: 1688.3605370399378
numL:
  composition: 0
  errDn: -108.20715770315292
  errUp: 108.20715770315292
  error: 108.20715770315292
  value: 14782.714065197622
