numL:
  errDn: 77.22120135345358
  errUp: 77.51103003747812
  error: 77.51103003747812
  value: 14856.8896484375
