numB:
  errDn: 115.75821968000812
  errUp: 3.0532349584279928
  error: 115.75821968000812
  value: 366.0
