numB:
  errDn: 18.342307308846443
  errUp: 18.73008386450209
  error: 18.73008386450209
  value: 378.5304870605469
