numC:
  errDn: 58.75048678528515
  errUp: 58.14235090718989
  error: 58.75048678528515
  value: 1689.3206787109375
