nFAKE:
  composition: 0.050430325206678214
  error: 35.044546894051166
  value: 675.1638301977727
nSIGN:
  composition: 0.9495696747933218
  error: 115.03816231361361
  value: 12712.888446497924
