nB:
  composition: 0.0237203165442408
  error: 19.11907298471931
  value: 301.17333958099005
nC:
  composition: 0.08617981892774378
  error: 87.93685274872325
  value: 1094.212373706935
nFAKE:
  error: 35.123207386735885
  value: 690.3897410783198
nL:
  composition: 0.8900998645280155
  error: 97.90937130749535
  value: 11301.465908370294
