numB:
  composition: 0
  errDn: -47.4206988905928
  errUp: 47.4206988905928
  error: 47.4206988905928
  value: 2972.506326198267
numC:
  composition: 0
  errDn: -93.27351917694159
  errUp: 93.27351917694159
  error: 93.27351917694159
  value: 6698.973672776332
numL:
  composition: 0
  errDn: -80.59302052184785
  errUp: 80.59302052184785
  error: 80.59302052184785
  value: 5392.68315158483
