numB:
  composition: 0
  errDn: -3.940997628006758
  errUp: 3.940997628006758
  error: 3.940997628006758
  value: 9.27305053385229
numC:
  composition: 0
  errDn: -16.0086857957926
  errUp: 16.0086857957926
  error: 16.0086857957926
  value: 53.85164988922405
numL:
  composition: 0
  errDn: -20.22053111113226
  errUp: 20.22053111113226
  error: 20.22053111113226
  value: 464.6222627691687
