numB:
  composition: 0
  errDn: -31.23942555296918
  errUp: 31.23942555296918
  error: 31.23942555296918
  value: 25.761645281284213
numC:
  composition: 0
  errDn: -52.673397361808924
  errUp: 52.673397361808924
  error: 52.673397361808924
  value: 358.3140945298717
numL:
  composition: 0
  errDn: -42.108307494839664
  errUp: 42.108307494839664
  error: 42.108307494839664
  value: 1554.2438152993225
