numB:
  composition: 0
  errDn: -38.324005246888454
  errUp: 38.324005246888454
  error: 38.324005246888454
  value: 117.02662048167633
numC:
  composition: 0
  errDn: -97.31384296334068
  errUp: 97.31384296334068
  error: 97.31384296334068
  value: 2562.119715308206
numL:
  composition: 0
  errDn: -102.14726259307281
  errUp: 102.14726259307281
  error: 102.14726259307281
  value: 16778.68823858408
