rB:
  errDn: -0.026418548074978232
  errUp: 0.026418548074978232
  error: 0.026418548074978232
  value: 0.32835389301928725
rC:
  errDn: -0.024862057713770258
  errUp: 0.024862057713770258
  error: 0.024862057713770258
  value: 0.8551022773801359
rL:
  errDn: -0.01086046324682488
  errUp: 0.01086046324682488
  error: 0.01086046324682488
  value: 0.6873081622845996
