numB:
  composition: 0
  errDn: -26.05352156959706
  errUp: 26.05352156959706
  error: 26.05352156959706
  value: 59.09698129303031
numC:
  composition: 0
  errDn: -81.8180696299799
  errUp: 81.8180696299799
  error: 81.8180696299799
  value: 1104.262207406712
numL:
  composition: 0
  errDn: -94.12574088691053
  errUp: 94.12574088691053
  error: 94.12574088691053
  value: 13021.118629645225
