emptyFAKE: 0
nB:
  composition: 0.1
  value: 4538.080000000001
nC:
  composition: 0.2
  value: 9076.160000000002
nDATA:
  value: 56726.0
nFAKE:
  composition: 0.2
  value: 11345.2
nL:
  composition: 0.7
  value: 31766.56
