numB:
  composition: 0
  errDn: -38.81655700980366
  errUp: 38.81655700980366
  error: 38.81655700980366
  value: 1438.739539265224
numC:
  composition: 0
  errDn: -163.66611116671538
  errUp: 163.66611116671538
  error: 163.66611116671538
  value: 9579.639984169957
numL:
  composition: 0
  errDn: -181.95089111861307
  errUp: 181.95089111861307
  error: 181.95089111861307
  value: 40474.61999452761
