emptyFAKE: 0
nB:
  composition: 0.1
  value: 4538.240000000001
nC:
  composition: 0.2
  value: 9076.480000000001
nDATA:
  value: 56728.0
nFAKE:
  composition: 0.2
  value: 11345.6
nL:
  composition: 0.7
  value: 31767.68
