numB:
  composition: 0
  errDn: -57.38761699284851
  errUp: 57.38761699284851
  error: 57.38761699284851
  value: 4203.272309964434
numC:
  composition: 0
  errDn: -224.43297239977983
  errUp: 224.43297239977983
  error: 224.43297239977983
  value: 28774.63557289454
numL:
  composition: 0
  errDn: -259.831179512119
  errUp: 259.831179512119
  error: 259.831179512119
  value: 94599.52139363413
