emptyFAKE: 0
nB:
  composition: 0.1
  value: 11046.080000000002
nC:
  composition: 0.2
  value: 22092.160000000003
nDATA:
  value: 138076.0
nFAKE:
  composition: 0.2
  value: 27615.2
nL:
  composition: 0.7
  value: 77322.56
nSIGN:
  value: 110460.8
