numFAKE:
  composition: 0
  errDn: -135.31191436731115
  errUp: 135.31191436731115
  error: 135.31191436731115
  value: 9761.781815012218
numSIGN:
  composition: 0
  errDn: -369.57779781267163
  errUp: 369.57779781267163
  error: 369.57779781267163
  value: 128314.21871470782
