numC:
  errDn: 169.40837192537583
  errUp: 169.77832887935438
  error: 169.77832887935438
  value: 28775.12109375
