numSIGN:
  errDn: 363.6651015672105
  errUp: 365.0832156125689
  error: 365.0832156125689
  value: 128314.1953125
