numB:
  errDn: 51.464020016237555
  errUp: 51.8184869564725
  error: 51.8184869564725
  value: 3776.1953125
