numFAKE:
  errDn: 1069.687992483381
  errUp: 15.626198626956466
  error: 1069.687992483381
  value: 9761.0
