numSIGN:
  errDn: 360.7360897429462
  errUp: 362.3357140358712
  error: 362.3357140358712
  value: 121528.1171875
