numFAKE:
  errDn: 134.95940610470097
  errUp: 137.21482910267514
  error: 137.21482910267514
  value: 10196.3505859375
