numB:
  composition: 0
  errDn: -53.41801129203441
  errUp: 53.41801129203441
  error: 53.41801129203441
  value: 3652.4819345743304
numC:
  composition: 0
  errDn: -185.47352550373762
  errUp: 185.47352550373762
  error: 185.47352550373762
  value: 20299.241752792826
numL:
  composition: 0
  errDn: -234.88679212777788
  errUp: 234.88679212777788
  error: 234.88679212777788
  value: 105470.17015994777
