numB:
  composition: 0
  errDn: -4.086331089719758
  errUp: 4.086331089719758
  error: 4.086331089719758
  value: 18.159902127150627
numC:
  composition: 0
  errDn: -15.894737184899924
  errUp: 15.894737184899924
  error: 15.894737184899924
  value: 95.18807719772146
numL:
  composition: 0
  errDn: -22.67647640841807
  errUp: 22.67647640841807
  error: 22.67647640841807
  value: 1002.4201302305394
