numB:
  composition: 0
  errDn: -31.2307120581454
  errUp: 31.2307120581454
  error: 31.2307120581454
  value: 499.51166797975566
numC:
  composition: 0
  errDn: -107.88931083125613
  errUp: 107.88931083125613
  error: 107.88931083125613
  value: 2416.424983052126
numL:
  composition: 0
  errDn: -127.31865158882101
  errUp: 127.31865158882101
  error: 127.31865158882101
  value: 17603.93630244204
