numB:
  composition: 0
  errDn: -6.050752844103462
  errUp: 6.050752844103462
  error: 6.050752844103462
  value: 30.526158654821312
numC:
  composition: 0
  errDn: -7.188413531297799
  errUp: 7.188413531297799
  error: 7.188413531297799
  value: 22.751702120888687
numL:
  composition: 0
  errDn: -5.015622337642112
  errUp: 5.015622337642112
  error: 5.015622337642112
  value: 11.680389372612682
