emptyFAKE: 0
nB:
  composition: 0.1
  value: 5.440000000000001
nC:
  composition: 0.2
  value: 10.880000000000003
nDATA:
  value: 68.0
nFAKE:
  composition: 0.2
  value: 13.600000000000001
nL:
  composition: 0.7
  value: 38.08
nSIGN:
  value: 54.400000000000006
