numFAKE:
  composition: 0
  errDn: -1.790180727626808
  errUp: 1.790180727626808
  error: 1.790180727626808
  value: 2.5422751300643505
numSIGN:
  composition: 0
  errDn: -7.604739184248896
  errUp: 7.604739184248896
  error: 7.604739184248896
  value: 65.45811051367396
