numB:
  composition: 0
  errDn: -42.33681472934498
  errUp: 42.33681472934498
  error: 42.33681472934498
  value: 440.22994014618587
numC:
  composition: 0
  errDn: -98.35285412329813
  errUp: 98.35285412329813
  error: 98.35285412329813
  value: 6447.943031981095
numL:
  composition: 0
  errDn: -76.08704838504093
  errUp: 76.08704838504093
  error: 76.08704838504093
  value: 2001.607815753744
