numB:
  composition: 0
  errDn: -3.6180431711785648
  errUp: 3.6180431711785648
  error: 3.6180431711785648
  value: 2.5601980055216624
numC:
  composition: 0
  errDn: -7.747777181819487
  errUp: 7.747777181819487
  error: 7.747777181819487
  value: 30.443217454857283
numL:
  composition: 0
  errDn: -6.902343308032913
  errUp: 6.902343308032913
  error: 6.902343308032913
  value: 36.2144302533168
