numB:
  composition: 0
  errDn: -17.064408713792915
  errUp: 17.064408713792915
  error: 17.064408713792915
  value: 318.99724688254724
numC:
  composition: 0
  errDn: -77.48157919409186
  errUp: 77.48157919409186
  error: 77.48157919409186
  value: 2078.562234134534
numL:
  composition: 0
  errDn: -99.12431317248229
  errUp: 99.12431317248229
  error: 99.12431317248229
  value: 14728.317884007447
