numB:
  composition: 0
  errDn: -7.932462708394123
  errUp: 7.932462708394123
  error: 7.932462708394123
  value: 62.66574107268886
numC:
  composition: 0
  errDn: -32.97619051935749
  errUp: 32.97619051935749
  error: 32.97619051935749
  value: 336.4341585366382
numL:
  composition: 0
  errDn: -45.09326308604636
  errUp: 45.09326308604636
  error: 45.09326308604636
  value: 3518.201482367034
