rB:
  errDn: -0.025539382436916225
  errUp: 0.025539382436916225
  error: 0.025539382436916225
  value: 0.3436965714505327
rC:
  errDn: -0.025021209627930308
  errUp: 0.025021209627930308
  error: 0.025021209627930308
  value: 0.8303319261434146
rL:
  errDn: -0.011242126620625958
  errUp: 0.011242126620625958
  error: 0.011242126620625958
  value: 0.682247565635737
