numB:
  composition: 0
  errDn: -18.12183073420931
  errUp: 18.12183073420931
  error: 18.12183073420931
  value: 317.4168179362303
numC:
  composition: 0
  errDn: -48.324389505353736
  errUp: 48.324389505353736
  error: 48.324389505353736
  value: 875.8096319220291
numL:
  composition: 0
  errDn: -46.147540276584664
  errUp: 46.147540276584664
  error: 46.147540276584664
  value: 1891.530440888657
