numB:
  composition: 0
  errDn: -58.28584368237034
  errUp: 58.28584368237034
  error: 58.28584368237034
  value: 1941.099842568505
numC:
  composition: 0
  errDn: -212.31931312371216
  errUp: 212.31931312371216
  error: 212.31931312371216
  value: 10838.075809524338
numL:
  composition: 0
  errDn: -255.64316180360765
  errUp: 255.64316180360765
  error: 255.64316180360765
  value: 66241.69867399933
