numB:
  composition: 0
  errDn: -21.381968583609023
  errUp: 21.381968583609023
  error: 21.381968583609023
  value: 613.3542097774288
numC:
  composition: 0
  errDn: -30.26820269686641
  errUp: 30.26820269686641
  error: 30.26820269686641
  value: 519.2336559076037
numL:
  composition: 0
  errDn: -24.8136967204279
  errUp: 24.8136967204279
  error: 24.8136967204279
  value: 278.41335602413835
