numB:
  composition: 0
  errDn: -62.086431375081474
  errUp: 62.086431375081474
  error: 62.086431375081474
  value: 3080.9767122940207
numC:
  composition: 0
  errDn: -65.07313257495593
  errUp: 65.07313257495593
  error: 65.07313257495593
  value: 2425.198858557563
numL:
  composition: 0
  errDn: -45.049808976204844
  errUp: 45.049808976204844
  error: 45.049808976204844
  value: 549.0060300157573
