numB:
  composition: 0
  errDn: -3.978315084769328
  errUp: 3.978315084769328
  error: 3.978315084769328
  value: 7.135774499727514
numC:
  composition: 0
  errDn: -7.98398667459762
  errUp: 7.98398667459762
  error: 7.98398667459762
  value: 33.46618095343046
numL:
  composition: 0
  errDn: -7.378238609546692
  errUp: 7.378238609546692
  error: 7.378238609546692
  value: 44.61220634351667
