emptyFAKE: 0
nB:
  composition: 0.1
  value: 1491.042062953879
nC:
  composition: 0.2
  value: 2982.084125907758
nDATA:
  value: 18638.025786923485
nFAKE:
  composition: 0.2
  value: 3727.605157384697
nL:
  composition: 0.7
  value: 10437.294440677151
nSIGN:
  value: 14910.420629538788
