numL:
  errDn: 61.600576063859535
  errUp: 61.74992593849856
  error: 61.74992593849856
  value: 4080.45458984375
