numC:
  errDn: 6080.1650390625
  errUp: 0.0
  error: 6080.1650390625
  value: 10167.5
