numB:
  errDn: 44.50779910657002
  errUp: 44.779317235090275
  error: 44.779317235090275
  value: 2979.26220703125
