numB:
  errDn: 7.677717404699251
  errUp: 331.39188664860103
  error: 331.39188664860103
  value: 4262.5
