numC:
  errDn: 71.34698917121932
  errUp: 71.166066523886
  error: 71.34698917121932
  value: 7678.8115234375
