nB:
  composition: 0.03012587052598965
  error: 30.381794561704282
  value: 699.1911827894244
nC:
  composition: 0.1305516886482556
  error: 119.05328412489598
  value: 3029.9735080645232
nL:
  composition: 0.8393224408257548
  error: 123.95999351097998
  value: 19479.830454572
