nFAKE:
  composition: 0.09099575766998921
  error: 89.59535322865213
  value: 4858.901405810031
nSIGN:
  composition: 0.9090042423300109
  error: 225.58576401219034
  value: 48538.10885297171
