nB:
  composition: 0.030970595843415657
  error: 48.063140620418494
  value: 1499.166223378054
nC:
  composition: 0.14838545746367313
  error: 196.78124120279426
  value: 7182.763515262929
nFAKE:
  error: 90.33673002788737
  value: 4987.131198062962
nL:
  composition: 0.8206439466929113
  error: 205.54675038277492
  value: 39724.18524079608
