nFAKE:
  composition: 0.07691343162934355
  error: 50.75673852274099
  value: 1690.174862213119
nSIGN:
  composition: 0.9230865683706564
  error: 145.4190505990464
  value: 20284.853769434794
