numB:
  composition: 0
  errDn: -6.146619392195302
  errUp: 6.146619392195302
  error: 6.146619392195302
  value: 6.078072011764648
numC:
  composition: 0
  errDn: -13.252688145447777
  errUp: 13.252688145447777
  error: 13.252688145447777
  value: 49.50844213279958
numL:
  composition: 0
  errDn: -13.731937853906743
  errUp: 13.731937853906743
  error: 13.731937853906743
  value: 281.1929152648473
