rB:
  errDn: -0.06263288130077801
  errUp: 0.06263288130077801
  error: 0.06263288130077801
  value: 0.05193191020540057
rC:
  errDn: -0.006023775216217244
  errUp: 0.006023775216217244
  error: 0.006023775216217244
  value: 0.04759686551418806
rL:
  errDn: -0.002250970315204978
  errUp: 0.002250970315204978
  error: 0.002250970315204978
  value: 6.296241234166142e-09
