numB:
  composition: 0
  errDn: -50.76769246829235
  errUp: 50.76769246829235
  error: 50.76769246829235
  value: 3410.9072173891977
numC:
  composition: 0
  errDn: -97.81277851029972
  errUp: 97.81277851029972
  error: 97.81277851029972
  value: 8134.795018376555
numL:
  composition: 0
  errDn: -82.39736231176857
  errUp: 82.39736231176857
  error: 82.39736231176857
  value: 5395.043592464251
