nFAKE:
  composition: 0.09647517030076654
  error: 50.196895464145655
  value: 1432.367095151781
nSIGN:
  composition: 0.9035248296992334
  error: 120.25673377268777
  value: 13414.635410117704
