numB:
  composition: 0
  errDn: -7.132398068115007
  errUp: 7.132398068115007
  error: 7.132398068115007
  value: 7.979983490679825
numC:
  composition: 0
  errDn: -16.20151534627918
  errUp: 16.20151534627918
  error: 16.20151534627918
  value: 34.32032799018857
numL:
  composition: 0
  errDn: -17.79285136307334
  errUp: 17.79285136307334
  error: 17.79285136307334
  value: 298.4982363628886
