rB:
  errDn: -0.04319912262316776
  errUp: 0.04319912262316776
  error: 0.04319912262316776
  value: 1.060439885859285e-10
rC:
  errDn: -0.016092775669283868
  errUp: 0.016092775669283868
  error: 0.016092775669283868
  value: 0.0124755683810235
rL:
  errDn: -0.010065611742688219
  errUp: 0.010065611742688219
  error: 0.010065611742688219
  value: 0.653724527132973
