rB:
  errDn: -0.01838094657914157
  errUp: 0.01838094657914157
  error: 0.01838094657914157
  value: 0.020551594844363037
rC:
  errDn: -0.02372805251179246
  errUp: 0.02372805251179246
  error: 0.02372805251179246
  value: 0.0668253292240986
rL:
  errDn: -0.025221682854742467
  errUp: 0.025221682854742467
  error: 0.025221682854742467
  value: 0.5453905108035293
