nB:
  composition: 0.03276692627743226
  error: 6.839629133736816
  value: 30.684815072349828
nC:
  composition: 0.19065949835965865
  error: 26.044661691483256
  value: 178.54440784036723
nFAKE:
  error: 8.555590616234277
  value: 41.529421931662945
nL:
  composition: 0.7765735753629092
  error: 26.225442399015208
  value: 727.2277035791507
