nFAKE:
  composition: 0.04298297376506866
  error: 8.749657553515668
  value: 42.037634920463525
nSIGN:
  composition: 0.9570170262349312
  error: 31.0260381054772
  value: 935.9690323294093
