nB:
  composition: 0.08788349713214524
  error: 2.5955876342640085
  value: 7.822843712264488
nC:
  composition: 0.05369442669925912
  error: 7.375599284720979
  value: 4.7795447609049
nL:
  composition: 0.8584220761685957
  error: 7.683140989335968
  value: 76.41140783151951
