numB:
  composition: 0
  errDn: -14.215122878864776
  errUp: 14.215122878864776
  error: 14.215122878864776
  value: 201.54273370680517
numC:
  composition: 0
  errDn: -36.54145956047506
  errUp: 36.54145956047506
  error: 36.54145956047506
  value: 457.3158480908999
numL:
  composition: 0
  errDn: -38.49578939085177
  errUp: 38.49578939085177
  error: 38.49578939085177
  value: 1700.138887504687
