rB:
  errDn: -0.007195610250340283
  errUp: 0.007195610250340283
  error: 0.007195610250340283
  value: 2.342529924377612e-13
rC:
  errDn: -0.00694657644561647
  errUp: 0.00694657644561647
  error: 0.00694657644561647
  value: 0.7327701300512807
rL:
  errDn: -0.0025510090868473946
  errUp: 0.0025510090868473946
  error: 0.0025510090868473946
  value: 0.010589126696238835
