rB:
  errDn: -0.009879951373112095
  errUp: 0.009879951373112095
  error: 0.009879951373112095
  value: 0.5276429396807365
rC:
  errDn: -0.005072412561699575
  errUp: 0.005072412561699575
  error: 0.005072412561699575
  value: 0.020112177565034264
rL:
  errDn: -0.0035652521238304954
  errUp: 0.0035652521238304954
  error: 0.0035652521238304954
  value: 4.598426410159541e-10
