numB:
  composition: 0
  errDn: -10.55228670693879
  errUp: 10.55228670693879
  error: 10.55228670693879
  value: 6.572933623696956
numC:
  composition: 0
  errDn: -22.015068987248764
  errUp: 22.015068987248764
  error: 22.015068987248764
  value: 68.38959535226647
numL:
  composition: 0
  errDn: -23.628439498717256
  errUp: 23.628439498717256
  error: 23.628439498717256
  value: 531.4227487605692
