rB:
  errDn: -0.0006092458118064524
  errUp: 0.0006092458118064524
  error: 0.0006092458118064524
  value: 3.731015062874432e-13
rC:
  errDn: -0.0006334922824291116
  errUp: 0.0006334922824291116
  error: 0.0006334922824291116
  value: 5.025288453593124e-13
rL:
  errDn: -0.0031345755249922447
  errUp: 0.0031345755249922447
  error: 0.0031345755249922447
  value: 0.65502681545067
