numB:
  composition: 0
  errDn: -16.378708744941946
  errUp: 16.378708744941946
  error: 16.378708744941946
  value: 312.3983290101741
numC:
  composition: 0
  errDn: -33.57250019675109
  errUp: 33.57250019675109
  error: 33.57250019675109
  value: 646.5417092167783
numL:
  composition: 0
  errDn: -31.71069968084214
  errUp: 31.71069968084214
  error: 31.71069968084214
  value: 1071.7069139409266
