numB:
  composition: 0
  errDn: -7.107516043274387
  errUp: 7.107516043274387
  error: 7.107516043274387
  value: 59.945408280550815
numC:
  composition: 0
  errDn: -17.093641406016417
  errUp: 17.093641406016417
  error: 17.093641406016417
  value: 141.14932297236916
numL:
  composition: 0
  errDn: -16.678225848121485
  errUp: 16.678225848121485
  error: 16.678225848121485
  value: 284.35697781499357
