rB:
  errDn: -0.0016613657922557596
  errUp: 0.0016613657922557596
  error: 0.0016613657922557596
  value: 1.182810360073061e-15
rC:
  errDn: -0.00436456029856791
  errUp: 0.00436456029856791
  error: 0.00436456029856791
  value: 0.7211102302938897
rL:
  errDn: -0.0007879206390733987
  errUp: 0.0007879206390733987
  error: 0.0007879206390733987
  value: 9.29986881774425e-14
