rB:
  errDn: -0.0023946865290516697
  errUp: 0.0023946865290516697
  error: 0.0023946865290516697
  value: 2.3705809450852433e-14
rC:
  errDn: -0.00031128955013558283
  errUp: 0.00031128955013558283
  error: 0.00031128955013558283
  value: 1.4592423948876776e-12
rL:
  errDn: -0.0018998922350946246
  errUp: 0.0018998922350946246
  error: 0.0018998922350946246
  value: 0.6919713465298243
