rB:
  errDn: -0.0006123262406828377
  errUp: 0.0006123262406828377
  error: 0.0006123262406828377
  value: 1.650350862913985e-14
rC:
  errDn: -0.0006356315205681316
  errUp: 0.0006356315205681316
  error: 0.0006356315205681316
  value: 1.273232279157266e-13
rL:
  errDn: -0.0031216739294570583
  errUp: 0.0031216739294570583
  error: 0.0031216739294570583
  value: 0.6550268143402739
