emptyFAKE: 0
nB:
  composition: 0.1
  value: 1951.8071915484934
nC:
  composition: 0.2
  value: 3903.614383096987
nDATA:
  value: 24397.589894356166
nFAKE:
  composition: 0.2
  value: 4879.517978871233
nL:
  composition: 0.7
  value: 13662.650340839451
nSIGN:
  value: 19518.071915484932
