numC:
  errDn: 63.20266227110551
  errUp: 63.56612986815753
  error: 63.56612986815753
  value: 2501.452880859375
