numB:
  errDn: 17.838943353247544
  errUp: 17.69695964080688
  error: 17.838943353247544
  value: 376.9383850097656
