numL:
  errDn: 87.22849121018226
  errUp: 87.47568310708084
  error: 87.47568310708084
  value: 17658.4609375
