numB:
  errDn: 353.9978401557509
  errUp: 1.3118536659778783
  error: 353.9978401557509
  value: 665.0
