numC:
  errDn: 75.41763065574014
  errUp: 75.83646800639963
  error: 75.83646800639963
  value: 4453.76318359375
