numB:
  composition: 0
  errDn: -10.325352173810685
  errUp: 10.325352173810685
  error: 10.325352173810685
  value: 119.14340330372899
numC:
  composition: 0
  errDn: -27.28642531333864
  errUp: 27.28642531333864
  error: 27.28642531333864
  value: 345.9591348334289
numL:
  composition: 0
  errDn: -31.00224960632238
  errUp: 31.00224960632238
  error: 31.00224960632238
  value: 1304.285548847836
