numB:
  composition: 0
  errDn: -24.61194013441616
  errUp: 24.61194013441616
  error: 24.61194013441616
  value: 511.6326802237871
numC:
  composition: 0
  errDn: -87.37776359463078
  errUp: 87.37776359463078
  error: 87.37776359463078
  value: 2279.5148173617463
numL:
  composition: 0
  errDn: -107.00075780230691
  errUp: 107.00075780230691
  error: 107.00075780230691
  value: 17736.133634505415
