nB:
  composition: 0.03687097426001186
  error: 18.97259715703558
  value: 417.36566961175953
nC:
  composition: 0.17271167686359387
  error: 77.03010804771054
  value: 1955.03173188786
nFAKE:
  error: 28.300687693330246
  value: 466.31582336335913
nL:
  composition: 0.7904173488763941
  error: 83.69014465730288
  value: 8947.229432023201
