nFAKE:
  composition: 0.03927258003805566
  error: 28.40210432927651
  value: 462.8663269744379
nSIGN:
  composition: 0.9607274199619443
  error: 107.80490888163058
  value: 11323.125999628863
