numB:
  composition: 0
  errDn: -21.372796780825126
  errUp: 21.372796780825126
  error: 21.372796780825126
  value: 533.2626894573365
numC:
  composition: 0
  errDn: -80.55793257870505
  errUp: 80.55793257870505
  error: 80.55793257870505
  value: 2643.170149912562
numL:
  composition: 0
  errDn: -104.24121888768423
  errUp: 104.24121888768423
  error: 104.24121888768423
  value: 19003.804652743773
