numB:
  composition: 0
  errDn: -13.330076082620337
  errUp: 13.330076082620337
  error: 13.330076082620337
  value: 176.70788591004515
numC:
  composition: 0
  errDn: -50.961655975685346
  errUp: 50.961655975685346
  error: 50.961655975685346
  value: 910.0041636695506
numL:
  composition: 0
  errDn: -64.70932023910018
  errUp: 64.70932023910018
  error: 64.70932023910018
  value: 6690.0386259336165
