nB:
  composition: 0.036629218359615724
  error: 15.967340810636657
  value: 243.72413797477213
nC:
  composition: 0.1595988796836166
  error: 61.46108067909995
  value: 1061.941835360445
nFAKE:
  error: 25.825688597077118
  value: 340.94776709379465
nL:
  composition: 0.8037719019567677
  error: 65.7156160074087
  value: 5348.151631560271
