nB:
  composition: 0.039368938597591406
  error: 5.467743819387838
  value: 29.99917831506238
nC:
  composition: 0.18058116362255688
  error: 21.509130370594136
  value: 137.60306274007525
nL:
  composition: 0.7800498977798518
  error: 22.671464182656905
  value: 594.398955413434
