numB:
  composition: 0
  errDn: -41.62214309132605
  errUp: 41.62214309132605
  error: 41.62214309132605
  value: 2701.5981523222003
numC:
  composition: 0
  errDn: -53.22827167871901
  errUp: 53.22827167871901
  error: 53.22827167871901
  value: 1762.6021230200515
numL:
  composition: 0
  errDn: -42.71546411118544
  errUp: 42.71546411118544
  error: 42.71546411118544
  value: 777.5115059799598
