numB:
  composition: 0
  errDn: -10.516006345507918
  errUp: 10.516006345507918
  error: 10.516006345507918
  value: 151.50148459585694
numC:
  composition: 0
  errDn: -14.752705845184742
  errUp: 14.752705845184742
  error: 14.752705845184742
  value: 108.0032622806883
numL:
  composition: 0
  errDn: -12.144536821916475
  errUp: 12.144536821916475
  error: 12.144536821916475
  value: 92.27697525766277
