emptyFAKE: 0
nB:
  composition: 0.1
  value: 30.983015112858325
nC:
  composition: 0.2
  value: 61.96603022571665
nDATA:
  value: 387.287688910729
nFAKE:
  composition: 0.2
  value: 77.4575377821458
nL:
  composition: 0.7
  value: 216.88110579000823
nSIGN:
  value: 309.8301511285832
