numB:
  errDn: 8.704151230019193
  errUp: 8.955367758431208
  error: 8.955367758431208
  value: 140.26271057128906
