numB:
  errDn: 9.114423639460881
  errUp: 9.378876471155962
  error: 9.378876471155962
  value: 149.79461669921875
