numC:
  errDn: 9.470606347018489
  errUp: 9.741235092975359
  error: 9.741235092975359
  value: 112.0141830444336
