numC:
  errDn: 9.560165042639824
  errUp: 9.844096424164235
  error: 9.844096424164235
  value: 113.94538879394531
