numL:
  errDn: 8.442994410426152
  errUp: 8.712362550562716
  error: 8.712362550562716
  value: 93.06005096435547
