numB:
  composition: 0
  errDn: -22.61800215869883
  errUp: 22.61800215869883
  error: 22.61800215869883
  value: 534.2996828870743
numC:
  composition: 0
  errDn: -55.822940969113915
  errUp: 55.822940969113915
  error: 55.822940969113915
  value: 1459.5614733059808
numL:
  composition: 0
  errDn: -53.486869380015605
  errUp: 53.486869380015605
  error: 53.486869380015605
  value: 2584.6296841503568
