emptyFAKE: 0
nB:
  composition: 0.1
  value: 24.25118174474585
nC:
  composition: 0.2
  value: 48.5023634894917
nDATA:
  value: 303.13977180932307
nFAKE:
  composition: 0.2
  value: 60.62795436186462
nL:
  composition: 0.7
  value: 169.75827221322092
nSIGN:
  value: 242.51181744745847
