numB:
  composition: 0
  errDn: -9.31724030701502
  errUp: 9.31724030701502
  error: 9.31724030701502
  value: 109.54876177793113
numC:
  composition: 0
  errDn: -13.53902245401116
  errUp: 13.53902245401116
  error: 13.53902245401116
  value: 79.65468871309568
numL:
  composition: 0
  errDn: -11.170023583846586
  errUp: 11.170023583846586
  error: 11.170023583846586
  value: 86.37911515045278
