numC:
  errDn: 8.603007531108233
  errUp: 8.849236771062465
  error: 8.849236771062465
  value: 84.13937377929688
