numC:
  errDn: 8.471549075724582
  errUp: 8.759788182524062
  error: 8.759788182524062
  value: 90.41783142089844
