numL:
  errDn: 7.706716766896548
  errUp: 7.956254170701229
  error: 7.956254170701229
  value: 82.15316009521484
