numB:
  errDn: 7.752549845222063
  errUp: 8.14113095491281
  error: 8.14113095491281
  value: 104.94315338134766
