numB:
  errDn: 7.505960248059509
  errUp: 7.835717516403193
  error: 7.835717516403193
  value: 102.48651885986328
