rB:
  errDn: -0.006109492475600815
  errUp: 0.006109492475600815
  error: 0.006109492475600815
  value: 1.8297868098905278e-08
rC:
  errDn: -0.008139963362012337
  errUp: 0.008139963362012337
  error: 0.008139963362012337
  value: 0.7357770690300489
rL:
  errDn: -0.0029871277868013784
  errUp: 0.0029871277868013784
  error: 0.0029871277868013784
  value: 0.009371462656574734
