numB:
  composition: 0
  errDn: -11.050020471364235
  errUp: 11.050020471364235
  error: 11.050020471364235
  value: 160.93493615945954
numC:
  composition: 0
  errDn: -15.504762640934928
  errUp: 15.504762640934928
  error: 15.504762640934928
  value: 134.41258780989932
numL:
  composition: 0
  errDn: -13.772710976262132
  errUp: 13.772710976262132
  error: 13.772710976262132
  value: 201.78525978048367
