nFAKE:
  composition: 0.02719552548426954
  error: 5.536723846397545
  value: 13.053853171034655
nSIGN:
  composition: 0.9728044745157305
  error: 21.718494692281297
  value: 466.94618134145446
