numB:
  composition: 0
  errDn: -71.59127217075434
  errUp: 71.59127217075434
  error: 71.59127217075434
  value: 3407.6255447425233
numC:
  composition: 0
  errDn: -117.78205402051799
  errUp: 117.78205402051799
  error: 117.78205402051799
  value: 8160.421176580491
numL:
  composition: 0
  errDn: -92.39551037502179
  errUp: 92.39551037502179
  error: 92.39551037502179
  value: 5372.190344952716
