rB:
  errDn: -0.0018247757909193672
  errUp: 0.0018247757909193672
  error: 0.0018247757909193672
  value: 5.971780145039296e-14
rC:
  errDn: -0.004341422911426029
  errUp: 0.004341422911426029
  error: 0.004341422911426029
  value: 0.7211102201369171
rL:
  errDn: -0.0008552074400292191
  errUp: 0.0008552074400292191
  error: 0.0008552074400292191
  value: 6.090901437730278e-14
