numB:
  errDn: 4.690653025336005
  errUp: 5.1292492173969
  error: 5.1292492173969
  value: 22.377731323242188
