numC:
  errDn: 0.8344152410113281
  errUp: 112.62333679199219
  error: 112.62333679199219
  value: 113.0
