numB:
  errDn: 8.217950209415287
  errUp: 3.063339865054033
  error: 8.217950209415287
  value: 22.0
