numL:
  errDn: 22.700156833148867
  errUp: 22.92407050173506
  error: 22.92407050173506
  value: 1313.07177734375
