numC:
  errDn: 16.565876517243268
  errUp: 16.988718421257914
  error: 16.988718421257914
  value: 114.29354095458984
