numB:
  composition: 0
  errDn: -19.261289475892895
  errUp: 19.261289475892895
  error: 19.261289475892895
  value: 49.085192335706346
numC:
  composition: 0
  errDn: -41.00243756962311
  errUp: 41.00243756962311
  error: 41.00243756962311
  value: 948.3528502830071
numL:
  composition: 0
  errDn: -32.85261732430149
  errUp: 32.85261732430149
  error: 32.85261732430149
  value: 583.7987082899004
