numB:
  composition: 0
  errDn: -23.973871904641584
  errUp: 23.973871904641584
  error: 23.973871904641584
  value: 400.86903282795595
numC:
  composition: 0
  errDn: -26.68638973767743
  errUp: 26.68638973767743
  error: 26.68638973767743
  value: 279.58393442736474
numL:
  composition: 0
  errDn: -20.601046798990353
  errUp: 20.601046798990353
  error: 20.601046798990353
  value: 215.21742111801422
