nFAKE:
  composition: 0.07940276890342945
  error: 28.558516886023654
  value: 586.1510490558652
nSIGN:
  composition: 0.9205972310965705
  error: 83.81085553129105
  value: 6795.846545621832
