nB:
  composition: 0.03282587214919333
  error: 11.775159972369188
  value: 90.56687903547424
nC:
  composition: 0.10237610859855113
  error: 50.41825149444401
  value: 282.45661231564276
nL:
  composition: 0.8647980192522554
  error: 50.72089116017651
  value: 2385.985580025524
