nB:
  composition: 0.027799839753877304
  error: 19.48277115395446
  value: 188.82033555650057
nC:
  composition: 0.18801319887313156
  error: 89.94442908495648
  value: 1277.011508504268
nFAKE:
  error: 28.10752306981135
  value: 589.1414011727676
nL:
  composition: 0.7841869613729913
  error: 88.07118698558452
  value: 5326.30570882442
