numB:
  composition: 0
  errDn: -2.0814555046134795
  errUp: 2.0814555046134795
  error: 2.0814555046134795
  value: 7.651699531736772
numC:
  composition: 0
  errDn: -1.5351096873538648
  errUp: 1.5351096873538648
  error: 1.5351096873538648
  value: 1.522500572176825
numL:
  composition: 0
  errDn: -1.435607056868112
  errUp: 1.435607056868112
  error: 1.435607056868112
  value: 1.6445779783863161
