emptyFAKE: 0
nB:
  composition: 0.1
  value: 173.28000000000003
nC:
  composition: 0.2
  value: 346.56000000000006
nDATA:
  value: 2166.0
nFAKE:
  composition: 0.2
  value: 433.20000000000005
nL:
  composition: 0.7
  value: 1212.96
nSIGN:
  value: 1732.8000000000002
