numB:
  composition: 0
  errDn: -35.221573232213814
  errUp: 35.221573232213814
  error: 35.221573232213814
  value: 972.3199579858655
numC:
  composition: 0
  errDn: -38.815937516163785
  errUp: 38.815937516163785
  error: 38.815937516163785
  value: 514.9046630922198
numL:
  composition: 0
  errDn: -30.72561833525603
  errUp: 30.72561833525603
  error: 30.72561833525603
  value: 518.2280161504315
