numFAKE:
  composition: 0
  errDn: -15.409262294201142
  errUp: 15.409262294201142
  error: 15.409262294201142
  value: 160.5202098848084
numSIGN:
  composition: 0
  errDn: -45.58410597969237
  errUp: 45.58410597969237
  error: 45.58410597969237
  value: 2005.4803107272019
