numFAKE:
  composition: 0
  errDn: -6.628773509609502
  errUp: 6.628773509609502
  error: 6.628773509609502
  value: 30.08672897561179
numSIGN:
  composition: 0
  errDn: -19.58027021685328
  errUp: 19.58027021685328
  error: 19.58027021685328
  value: 373.91333905540347
