numB:
  composition: 0
  errDn: -14.3213216369127
  errUp: 14.3213216369127
  error: 14.3213216369127
  value: 148.6256181844065
numC:
  composition: 0
  errDn: -17.41600419679031
  errUp: 17.41600419679031
  error: 17.41600419679031
  value: 82.60282731829778
numL:
  composition: 0
  errDn: -15.376169139466896
  errUp: 15.376169139466896
  error: 15.376169139466896
  value: 143.50706017459896
