emptyFAKE: 0
nB:
  composition: 0.1
  value: 32.32000000000001
nC:
  composition: 0.2
  value: 64.64000000000001
nDATA:
  value: 404.0
nFAKE:
  composition: 0.2
  value: 80.80000000000001
nL:
  composition: 0.7
  value: 226.24
nSIGN:
  value: 323.20000000000005
