numB:
  composition: 0
  errDn: -19.03258841401386
  errUp: 19.03258841401386
  error: 19.03258841401386
  value: 172.45907687261584
numC:
  composition: 0
  errDn: -69.48462589636097
  errUp: 69.48462589636097
  error: 69.48462589636097
  value: 925.275518137199
numL:
  composition: 0
  errDn: -82.76673821151053
  errUp: 82.76673821151053
  error: 82.76673821151053
  value: 6679.332460189251
