rB:
  errDn: -0.007761159125371815
  errUp: 0.007761159125371815
  error: 0.007761159125371815
  value: 6.345541082679578e-08
rC:
  errDn: -0.010603055069812684
  errUp: 0.010603055069812684
  error: 0.010603055069812684
  value: 0.6667208043972487
rL:
  errDn: -0.00456168262192147
  errUp: 0.00456168262192147
  error: 0.00456168262192147
  value: 0.7525828927306992
