rB:
  errDn: -0.010847924523009814
  errUp: 0.010847924523009814
  error: 0.010847924523009814
  value: 4.76937380200276e-08
rC:
  errDn: -0.018526116646762132
  errUp: 0.018526116646762132
  error: 0.018526116646762132
  value: 0.031998046179621834
rL:
  errDn: -0.019281494639902863
  errUp: 0.019281494639902863
  error: 0.019281494639902863
  value: 0.6042150567936605
