numB:
  composition: 0
  errDn: -41.26809278520972
  errUp: 41.26809278520972
  error: 41.26809278520972
  value: 770.4783287408321
numC:
  composition: 0
  errDn: -154.65721527189885
  errUp: 154.65721527189885
  error: 154.65721527189885
  value: 4192.947547630941
numL:
  composition: 0
  errDn: -176.46458668478408
  errUp: 176.46458668478408
  error: 176.46458668478408
  value: 26059.703928947158
