nFAKE:
  composition: 0.06701994023863406
  error: 94.4312384727566
  value: 3772.618114715084
nSIGN:
  composition: 0.9329800597613659
  error: 238.97850450452097
  value: 52518.36187246693
