nB:
  composition: 0.030104631019089716
  error: 36.73575676533824
  value: 1578.4079115836673
nC:
  composition: 0.14692162802892728
  error: 157.89844443599077
  value: 7703.208849049152
nFAKE:
  error: 93.89906655930963
  value: 3860.268714825544
nL:
  composition: 0.8229737409519831
  error: 188.37547003596046
  value: 43149.117586610286
