nB:
  composition: 0.03137582723587372
  error: 25.73448701981357
  value: 595.5762599322077
nC:
  composition: 0.10567977407593344
  error: 103.0392504655847
  value: 2006.0145066920154
nL:
  composition: 0.8629443986881928
  error: 114.36662701809837
  value: 16380.4190288419
