nB:
  composition: 0.03544577636680148
  error: 40.77351683222105
  value: 1324.5430145639796
nC:
  composition: 0.1336954933618489
  error: 185.69305393943614
  value: 4995.952972749106
nFAKE:
  error: 82.7489904717595
  value: 4130.591616116622
nL:
  composition: 0.8308587302713497
  error: 193.61216909220275
  value: 31047.6519369216
