numB:
  composition: 0
  errDn: -0.6444785025448225
  errUp: 0.6444785025448225
  error: 0.6444785025448225
  value: 0.5478169301914569
numC:
  composition: 0
  errDn: -1.7355492513870203
  errUp: 1.7355492513870203
  error: 1.7355492513870203
  value: 1.301753362187911
numL:
  composition: 0
  errDn: -2.5928704250422303
  errUp: 2.5928704250422303
  error: 2.5928704250422303
  value: 11.827119871768872
