nFAKE:
  composition: 0.03919353683172175
  error: 28.446008586396403
  value: 461.9347260475302
nSIGN:
  composition: 0.9608064631682783
  error: 107.98532740361316
  value: 11324.05764383877
