nB:
  composition: 0.0335721240745506
  error: 21.266887920350626
  value: 379.9802997680669
nC:
  composition: 0.1905363765397842
  error: 82.31821983402028
  value: 2156.553136570571
nFAKE:
  error: 28.963058378665266
  value: 467.67266071203045
nL:
  composition: 0.7758914993856653
  error: 86.20679771726736
  value: 8781.794201325241
