nB:
  composition: 0.058244794504601426
  error: 11.185424922856882
  value: 128.3133876836534
nC:
  composition: 0.16778900438698613
  error: 37.72038544753181
  value: 369.639480267386
nL:
  composition: 0.7739662011084125
  error: 38.40752485980158
  value: 1705.048941481329
