numB:
  composition: 0
  errDn: -1.8107324316427853
  errUp: 1.8107324316427853
  error: 1.8107324316427853
  value: 2.880460623367504
numC:
  composition: 0
  errDn: -4.5299067885710835
  errUp: 4.5299067885710835
  error: 4.5299067885710835
  value: 10.922927145198877
numL:
  composition: 0
  errDn: -5.846103883982533
  errUp: 5.846103883982533
  error: 5.846103883982533
  value: 56.60824621220321
