numB:
  composition: 0
  errDn: -14.609572783449408
  errUp: 14.609572783449408
  error: 14.609572783449408
  value: 305.32760214504106
numC:
  composition: 0
  errDn: -12.562356631874653
  errUp: 12.562356631874653
  error: 12.562356631874653
  value: 68.18606054589661
numL:
  composition: 0
  errDn: -9.107179867293803
  errUp: 9.107179867293803
  error: 9.107179867293803
  value: 31.69769493834253
