numB:
  composition: 0
  errDn: -7.579342859161456
  errUp: 7.579342859161456
  error: 7.579342859161456
  value: 4.192662473929313
numC:
  composition: 0
  errDn: -22.133789819104916
  errUp: 22.133789819104916
  error: 22.133789819104916
  value: 60.87680375691458
numL:
  composition: 0
  errDn: -21.293593906671333
  errUp: 21.293593906671333
  error: 21.293593906671333
  value: 483.3349800970209
