numB:
  composition: 0
  errDn: -66.02526065178608
  errUp: 66.02526065178608
  error: 66.02526065178608
  value: 3463.1759125253425
numC:
  composition: 0
  errDn: -72.75334838895583
  errUp: 72.75334838895583
  error: 72.75334838895583
  value: 2046.702357525114
numL:
  composition: 0
  errDn: -55.86856848564514
  errUp: 55.86856848564514
  error: 55.86856848564514
  value: 1473.8821346016375
