numFAKE:
  composition: 0
  errDn: -30.90529630994547
  errUp: 30.90529630994547
  error: 30.90529630994547
  value: 635.2282597194074
numSIGN:
  composition: 0
  errDn: -85.50837854293604
  errUp: 85.50837854293604
  error: 85.50837854293604
  value: 6987.810321373617
