emptyFAKE: 0
nB:
  composition: 0.1
  value: 609.84
nC:
  composition: 0.2
  value: 1219.68
nDATA:
  value: 7623.0
nFAKE:
  composition: 0.2
  value: 1524.6000000000001
nL:
  composition: 0.7
  value: 4268.88
nSIGN:
  value: 6098.400000000001
