nFAKE:
  composition: 0.034494377095569975
  error: 12.711288721217088
  value: 79.99235763324876
nSIGN:
  composition: 0.96550562290443
  error: 48.06126305775251
  value: 2239.004660681425
