nB:
  composition: 0.02376395220446744
  error: 7.774974500926813
  value: 53.19330597363955
nC:
  composition: 0.11853482850997646
  error: 33.71773481174549
  value: 265.3287360289645
nFAKE:
  error: 12.865616636413534
  value: 80.59348581979295
nL:
  composition: 0.8577012192855562
  error: 37.612787999007764
  value: 1919.8811291517136
