numB:
  composition: 0
  errDn: -118.93661824802257
  errUp: 118.93661824802257
  error: 118.93661824802257
  value: 16744.340105001516
numC:
  composition: 0
  errDn: -408.6642488581856
  errUp: 408.6642488581856
  error: 408.6642488581856
  value: 94632.02292886609
numFAKE:
  composition: 0
  errDn: -285.80463257745214
  errUp: 285.80463257745214
  error: 285.80463257745214
  value: 62915.607256014046
numL:
  composition: 0
  errDn: -590.197103570099
  errUp: 590.197103570099
  error: 590.197103570099
  value: 601095.6158158255
