numB:
  composition: 0
  errDn: -3.7643712168408827
  errUp: 3.7643712168408827
  error: 3.7643712168408827
  value: 13.218967219692397
numC:
  composition: 0
  errDn: -10.263863583050151
  errUp: 10.263863583050151
  error: 10.263863583050151
  value: 23.626976245669976
numL:
  composition: 0
  errDn: -10.965963708403613
  errUp: 10.965963708403613
  error: 10.965963708403613
  value: 131.87627878626353
