numB:
  composition: 0
  errDn: -0.4586569915623817
  errUp: 0.4586569915623817
  error: 0.4586569915623817
  value: 0.3456250633705901
numC:
  composition: 0
  errDn: -0.9910023294701906
  errUp: 0.9910023294701906
  error: 0.9910023294701906
  value: 1.128101081348475
numL:
  composition: 0
  errDn: -1.2489215829397198
  errUp: 1.2489215829397198
  error: 1.2489215829397198
  value: 3.3551259027074902
