nFAKE:
  composition: 0.07404259851035037
  error: 80.18524270480793
  value: 3721.4550997478905
nSIGN:
  composition: 0.9259574014896497
  error: 223.86027557164562
  value: 46539.54565683239
