nFAKE:
  composition: 0.04838912001245678
  error: 6.8073781119318415
  value: 26.227024111992858
nSIGN:
  composition: 0.9516108799875433
  error: 22.99771336652276
  value: 515.7754777983798
