nFAKE:
  composition: 0.039385708962915385
  error: 8.912001157379624
  value: 43.08775848914828
nSIGN:
  composition: 0.9606142910370847
  error: 32.83909902365707
  value: 1050.906982845041
