nFAKE:
  composition: 0.050358885832028154
  error: 5.628948169866105
  value: 18.43142828107761
nSIGN:
  composition: 0.9496411141679718
  error: 18.819054814584433
  value: 347.57008220816476
