numFAKE:
  composition: 0
  errDn: -14.073493702609333
  errUp: 14.073493702609333
  error: 14.073493702609333
  value: 99.07613051813937
numSIGN:
  composition: 0
  errDn: -34.48885283980428
  errUp: 34.48885283980428
  error: 34.48885283980428
  value: 1094.926304128382
