numB:
  composition: 0
  errDn: -23.111402596773473
  errUp: 23.111402596773473
  error: 23.111402596773473
  value: 414.367970855954
numC:
  composition: 0
  errDn: -25.059917033693864
  errUp: 25.059917033693864
  error: 25.059917033693864
  value: 216.2474582303144
numL:
  composition: 0
  errDn: -24.73148419801197
  errUp: 24.73148419801197
  error: 24.73148419801197
  value: 461.18498063756095
