emptyFAKE: 0
nB:
  composition: 0.1
  value: 95.52000000000001
nC:
  composition: 0.2
  value: 191.04000000000002
nDATA:
  value: 1194.0
nFAKE:
  composition: 0.2
  value: 238.8
nL:
  composition: 0.7
  value: 668.64
nSIGN:
  value: 955.2
