numB:
  composition: 0
  errDn: -27.261381425518522
  errUp: 27.261381425518522
  error: 27.261381425518522
  value: 439.2729505261627
numC:
  composition: 0
  errDn: -56.69147826658548
  errUp: 56.69147826658548
  error: 56.69147826658548
  value: 1172.7580390890341
numL:
  composition: 0
  errDn: -50.80551897824773
  errUp: 50.80551897824773
  error: 50.80551897824773
  value: 1846.2201352145946
