emptyFAKE: 0
nB:
  composition: 0.1
  value: 2.24
nC:
  composition: 0.2
  value: 4.48
nDATA:
  value: 28.0
nFAKE:
  composition: 0.2
  value: 5.6000000000000005
nL:
  composition: 0.7
  value: 15.68
nSIGN:
  value: 22.400000000000002
