numFAKE:
  composition: 0
  errDn: -0.5153332694310804
  errUp: 0.5153332694310804
  error: 0.5153332694310804
  value: 6.002816578109128e-08
numSIGN:
  composition: 0
  errDn: -26.823111541117964
  errUp: 26.823111541117964
  error: 26.823111541117964
  value: 27.99139780440999
