numB:
  composition: 0
  errDn: -2.932527975895714
  errUp: 2.932527975895714
  error: 2.932527975895714
  value: 6.216368495067148
numC:
  composition: 0
  errDn: -3.6619730384361957
  errUp: 3.6619730384361957
  error: 3.6619730384361957
  value: 7.41781829289583
numL:
  composition: 0
  errDn: -3.880659044114613
  errUp: 3.880659044114613
  error: 3.880659044114613
  value: 14.364551324566113
