emptyFAKE: 0
nB:
  composition: 0.1
  value: 275.9082724610686
nC:
  composition: 0.2
  value: 551.8165449221372
nDATA:
  value: 3448.8534057633565
nFAKE:
  composition: 0.2
  value: 689.7706811526714
nL:
  composition: 0.7
  value: 1931.3579072274797
nSIGN:
  value: 2759.0827246106855
