numB:
  errDn: 19.12954719293805
  errUp: 19.644198928160904
  error: 19.644198928160904
  value: 578.4208374023438
