numC:
  errDn: 28.78888753872127
  errUp: 29.039808672537674
  error: 29.039808672537674
  value: 937.0855712890625
