numC:
  errDn: 28.288781780100976
  errUp: 28.577216938506126
  error: 28.577216938506126
  value: 982.3757934570312
