numB:
  errDn: 18.238541314053123
  errUp: 18.542250331232594
  error: 18.542250331232594
  value: 479.528076171875
