numL:
  errDn: 29.45704707319078
  errUp: 29.670901294272426
  error: 29.670901294272426
  value: 1641.072265625
