rB:
  errDn: -0.05785068881037558
  errUp: 0.05785068881037558
  error: 0.05785068881037558
  value: 0.061871979907837986
rC:
  errDn: -0.0055382889803481175
  errUp: 0.0055382889803481175
  error: 0.0055382889803481175
  value: 0.046826368406404376
rL:
  errDn: -0.0027163656144685447
  errUp: 0.0027163656144685447
  error: 0.0027163656144685447
  value: 3.355182884995367e-14
