numB:
  composition: 0
  errDn: -5.4430589937325085
  errUp: 5.4430589937325085
  error: 5.4430589937325085
  value: 14.056473041386136
numC:
  composition: 0
  errDn: -22.864927697631142
  errUp: 22.864927697631142
  error: 22.864927697631142
  value: 57.0654881888872
numL:
  composition: 0
  errDn: -25.334295850415117
  errUp: 25.334295850415117
  error: 25.334295850415117
  value: 525.5997344254522
