nB:
  composition: 0.024676807079851364
  error: 3.3634410651123625
  value: 12.16564600505073
nC:
  composition: 0.08248539501889386
  error: 15.967353597187246
  value: 40.66523327509362
nL:
  composition: 0.8928377979012547
  error: 18.471790598157014
  value: 440.16831488967154
