nB:
  composition: 0.03584233608629274
  error: 8.161188589781798
  value: 70.5236263901457
nC:
  composition: 0.1357912961685655
  error: 37.338388566358105
  value: 267.1838859768936
nFAKE:
  error: 13.338009393817508
  value: 117.43486610613374
nL:
  composition: 0.8283663677451417
  error: 40.05203884157004
  value: 1629.8993484233822
