numB:
  composition: 0
  errDn: -13.328100360863402
  errUp: 13.328100360863402
  error: 13.328100360863402
  value: 302.1431430487556
numC:
  composition: 0
  errDn: -11.214236799477305
  errUp: 11.214236799477305
  error: 11.214236799477305
  value: 57.14011478495326
numL:
  composition: 0
  errDn: -6.895812524941895
  errUp: 6.895812524941895
  error: 6.895812524941895
  value: 16.944475396167892
