nB:
  composition: 0.01720169495645308
  error: 1.144872986028135
  value: 1.7158117648429585
nC:
  composition: 0.1015259494743284
  error: 5.811596335653002
  value: 10.126875228627101
nFAKE:
  error: 1.4875937680903943
  value: 2.260233696412882
nL:
  composition: 0.8812723555692186
  error: 6.945043389232616
  value: 87.90398152882491
