nB:
  composition: 0.10141708360303547
  error: 1.155681161435972
  value: 0.9126403861535445
nC:
  composition: 0.6677503253333867
  error: 3.055274880080744
  value: 6.009006501821522
nL:
  composition: 0.2308325910635777
  error: 2.4049646401797955
  value: 2.0772352897631676
