nFAKE:
  composition: 0.04554714741910625
  error: 3.155950970487862
  value: 4.645955333551725
nSIGN:
  composition: 0.9544528525808937
  error: 9.757815687592839
  value: 97.35725665251495
