numB:
  composition: 0
  errDn: -1.2912850331830685
  errUp: 1.2912850331830685
  error: 1.2912850331830685
  value: 1.2234325473774583
numC:
  composition: 0
  errDn: -2.7490089260864505
  errUp: 2.7490089260864505
  error: 2.7490089260864505
  value: 6.374988949037801
numL:
  composition: 0
  errDn: -2.99508406970645
  errUp: 2.99508406970645
  error: 2.99508406970645
  value: 9.50364261368822
