rB:
  errDn: -0.013665157959627028
  errUp: 0.013665157959627028
  error: 0.013665157959627028
  value: 0.5334527335294503
rC:
  errDn: -0.008451637568882259
  errUp: 0.008451637568882259
  error: 0.008451637568882259
  value: 0.01548119034632487
rL:
  errDn: -0.0008350140516929546
  errUp: 0.0008350140516929546
  error: 0.0008350140516929546
  value: 1.4658734295847076e-12
