numB:
  composition: 0
  errDn: -20.484751949821828
  errUp: 20.484751949821828
  error: 20.484751949821828
  value: 366.10744520945445
numC:
  composition: 0
  errDn: -84.47331491335876
  errUp: 84.47331491335876
  error: 84.47331491335876
  value: 1681.140638621635
numL:
  composition: 0
  errDn: -100.75367739028115
  errUp: 100.75367739028115
  error: 100.75367739028115
  value: 14789.715988779133
