numB:
  composition: 0
  errDn: -18.027808319750193
  errUp: 18.027808319750193
  error: 18.027808319750193
  value: 402.50414788765704
numC:
  composition: 0
  errDn: -23.45665692821592
  errUp: 23.45665692821592
  error: 23.45665692821592
  value: 281.446951179529
numL:
  composition: 0
  errDn: -18.733653209128192
  errUp: 18.733653209128192
  error: 18.733653209128192
  value: 211.54019841818248
