emptyFAKE: 0
nB:
  composition: 0.1
  value: 42.76997922179422
nC:
  composition: 0.2
  value: 85.53995844358845
nDATA:
  value: 534.6247402724277
nFAKE:
  composition: 0.2
  value: 106.92494805448555
nL:
  composition: 0.7
  value: 299.38985455255954
nSIGN:
  value: 427.6997922179422
