numL:
  errDn: 11.877610551812893
  errUp: 12.224331540090361
  error: 12.224331540090361
  value: 279.07977294921875
