numC:
  errDn: 11.349354735015368
  errUp: 11.626293087509879
  error: 11.626293087509879
  value: 144.0601348876953
