numB:
  errDn: 6.767312456140729
  errUp: 7.088178271755879
  error: 7.088178271755879
  value: 72.63432312011719
