numC:
  errDn: 11.452269279850768
  errUp: 11.707094781091797
  error: 11.707094781091797
  value: 133.51478576660156
