numB:
  errDn: 6.311199382591035
  errUp: 6.628625262702101
  error: 6.628625262702101
  value: 59.36506271362305
