numB:
  composition: 0
  errDn: -5.339687939188298
  errUp: 5.339687939188298
  error: 5.339687939188298
  value: 25.135654346078578
numC:
  composition: 0
  errDn: -24.22750566024476
  errUp: 24.22750566024476
  error: 24.22750566024476
  value: 112.19093634672977
numL:
  composition: 0
  errDn: -28.652193078333596
  errUp: 28.652193078333596
  error: 28.652193078333596
  value: 1036.2168758341634
