emptyFAKE: 0
nB:
  composition: 0.1
  value: 2320.6400000000003
nC:
  composition: 0.2
  value: 4641.280000000001
nDATA:
  value: 29008.0
nFAKE:
  composition: 0.2
  value: 5801.6
nL:
  composition: 0.7
  value: 16244.48
nSIGN:
  value: 23206.4
