numB:
  composition: 0
  errDn: -23.686680541365547
  errUp: 23.686680541365547
  error: 23.686680541365547
  value: 670.7359883298842
numC:
  composition: 0
  errDn: -96.02120182593262
  errUp: 96.02120182593262
  error: 96.02120182593262
  value: 4939.567490006825
numL:
  composition: 0
  errDn: -116.99163648512331
  errUp: 116.99163648512331
  error: 116.99163648512331
  value: 21392.977218505534
