numSIGN:
  errDn: 165.7628657828427
  errUp: 166.60673525196762
  error: 166.60673525196762
  value: 25663.630859375
