numC:
  errDn: 74.59920851943843
  errUp: 74.96273071051655
  error: 74.96273071051655
  value: 4940.791015625
