numFAKE:
  errDn: 186.33699121976292
  errUp: 16.720648870611512
  error: 186.33699121976292
  value: 1882.0
