numC:
  errDn: 83.47581496381827
  errUp: 84.03120390146432
  error: 84.03120390146432
  value: 6770.3154296875
