numFAKE:
  errDn: 58.17549131554506
  errUp: 59.441476335216066
  error: 59.441476335216066
  value: 1961.904296875
