numB:
  errDn: 2.437922643369916
  errUp: 229.1748652767618
  error: 229.1748652767618
  value: 670.0
