numSIGN:
  errDn: 166.7376078618181
  errUp: 167.5813185467341
  error: 167.5813185467341
  value: 27125.53125
