numB:
  errDn: 20.20372690493548
  errUp: 20.551967796806252
  error: 20.551967796806252
  value: 539.4500732421875
