numL:
  errDn: 94.2868296661436
  errUp: 94.50181801362123
  error: 94.50181801362123
  value: 20064.578125
