numB:
  composition: 0
  errDn: -15.588046677349624
  errUp: 15.588046677349624
  error: 15.588046677349624
  value: 168.8253425145284
numC:
  composition: 0
  errDn: -31.377387626643895
  errUp: 31.377387626643895
  error: 31.377387626643895
  value: 384.19745216350015
numL:
  composition: 0
  errDn: -28.531136660197546
  errUp: 28.531136660197546
  error: 28.531136660197546
  value: 654.6426631366757
