rB:
  errDn: -0.013363253325951618
  errUp: 0.013363253325951618
  error: 0.013363253325951618
  value: 0.5446092866898923
rC:
  errDn: -0.008260699015376006
  errUp: 0.008260699015376006
  error: 0.008260699015376006
  value: 0.008170740108967218
rL:
  errDn: -0.0008105515118733043
  errUp: 0.0008105515118733043
  error: 0.0008105515118733043
  value: 4.61090501847547e-09
