numB:
  composition: 0
  errDn: -19.555407883670085
  errUp: 19.555407883670085
  error: 19.555407883670085
  value: 294.9456657763099
numC:
  composition: 0
  errDn: -20.067689904944245
  errUp: 20.067689904944245
  error: 20.067689904944245
  value: 188.5114927237531
numL:
  composition: 0
  errDn: -14.611838888132745
  errUp: 14.611838888132745
  error: 14.611838888132745
  value: 99.67670819232828
