numB:
  composition: 0
  errDn: -12.48786939135843
  errUp: 12.48786939135843
  error: 12.48786939135843
  value: 156.05156968983093
numC:
  composition: 0
  errDn: -63.232630387905374
  errUp: 63.232630387905374
  error: 63.232630387905374
  value: 1345.388775176128
numL:
  composition: 0
  errDn: -68.34887965467215
  errUp: 68.34887965467215
  error: 68.34887965467215
  value: 4487.632761019892
