numB:
  composition: 0
  errDn: -33.6422740494595
  errUp: 33.6422740494595
  error: 33.6422740494595
  value: 1687.5968156285676
numC:
  composition: 0
  errDn: -44.00147160443055
  errUp: 44.00147160443055
  error: 44.00147160443055
  value: 1181.907052234559
numL:
  composition: 0
  errDn: -34.93330678870751
  errUp: 34.93330678870751
  error: 34.93330678870751
  value: 576.6786044542647
