numB:
  composition: 0
  errDn: -15.82920936877116
  errUp: 15.82920936877116
  error: 15.82920936877116
  value: 353.129882681891
numC:
  composition: 0
  errDn: -20.115658143749968
  errUp: 20.115658143749968
  error: 20.115658143749968
  value: 258.59805162909623
numL:
  composition: 0
  errDn: -15.773710225036709
  errUp: 15.773710225036709
  error: 15.773710225036709
  value: 165.30837168671476
