eta/I:pt/I:l/F:c/F:b/F
0 0 0.1374 0.2770 0.5856
0 1 0.0998 0.3326 0.5677
0 2 0.1190 0.3821 0.4988
0 3 0.1243 0.3993 0.4764
0 4 0.1420 0.3934 0.4646
0 5 0.1827 0.3862 0.4310
0 6 0.2483 0.3616 0.3900
0 7 0.3023 0.3342 0.3635
0 8 0.3817 0.2951 0.3231
0 9 0.4871 0.2348 0.2780
1 0 0.2676 0.2227 0.5097
1 1 0.2499 0.2960 0.4541
1 2 0.2961 0.3396 0.3643
1 3 0.3196 0.3602 0.3202
1 4 0.3606 0.3233 0.3161
1 5 0.3895 0.3264 0.2841
1 6 0.4672 0.2789 0.2539
1 7 0.5111 0.2572 0.2317
1 8 0.5502 0.2274 0.2224
1 9 0.6191 0.1662 0.2147
