eta/I:pt/I:l/F:c/F:b/F
0 0 0.1814 0.0586 0.7601
0 1 0.0788 0.3682 0.5530
0 2 0.1291 0.4208 0.4501
0 3 0.0728 0.4968 0.4304
0 4 0.1949 0.3826 0.4225
0 5 0.2233 0.3980 0.3787
0 6 0.3428 0.3084 0.3487
0 7 0.3809 0.2171 0.4020
0 8 0.5268 0.1338 0.3393
0 9 0.5473 0.1777 0.2751
1 0 0.0270 0.3734 0.5997
1 1 0.2373 0.3912 0.3715
1 2 0.3084 0.3548 0.3368
1 3 0.3245 0.2934 0.3821
1 4 0.4231 0.2390 0.3379
1 5 0.4005 0.1862 0.4132
1 6 0.4759 0.2649 0.2592
1 7 0.4850 0.2324 0.2826
1 8 0.6761 0.1649 0.1589
1 9 0.7676 0.0557 0.1767
