emptyFAKE: 0
nB:
  composition: 0.1
  value: 103.35918382710639
nC:
  composition: 0.2
  value: 206.71836765421278
nDATA:
  value: 1291.9897978388296
nFAKE:
  composition: 0.2
  value: 258.39795956776595
nL:
  composition: 0.7
  value: 723.5142867897446
nSIGN:
  value: 1033.5918382710638
