numL:
  errDn: 20.264715407690232
  errUp: 20.456255372110263
  error: 20.456255372110263
  value: 943.9085693359375
