numB:
  errDn: 3.738369138457797
  errUp: 4.135398417959092
  error: 4.135398417959092
  value: 15.527467727661133
