numB:
  errDn: 8.026453885159338
  errUp: 2.898474905275396
  error: 8.026453885159338
  value: 25.0
