numC:
  errDn: 3.8065348487294557
  errUp: 0.0
  error: 3.8065348487294557
  value: 223.99961853027344
