numC:
  errDn: 15.645140400082767
  errUp: 16.12916440241031
  error: 16.12916440241031
  value: 112.52506256103516
