numB:
  composition: 0
  errDn: -120.10773676374629
  errUp: 120.10773676374629
  error: 120.10773676374629
  value: 16861.41583105561
numC:
  composition: 0
  errDn: -441.78442201649887
  errUp: 441.78442201649887
  error: 441.78442201649887
  value: 88763.98217898198
numFAKE:
  composition: 0
  errDn: -112.29762877284975
  errUp: 112.29762877284975
  error: 112.29762877284975
  value: 6308.936596617947
numL:
  composition: 0
  errDn: -534.0346443710732
  errUp: 534.0346443710732
  error: 534.0346443710732
  value: 600011.6065925568
