nB:
  composition: 0.0368608628135827
  error: 19.240323216205326
  value: 417.2242725022298
nC:
  composition: 0.17278334371624976
  error: 77.79781063866653
  value: 1955.7166973300232
nFAKE:
  error: 28.633339331238204
  value: 467.05497097944607
nL:
  composition: 0.7903557934701676
  error: 83.71618531000058
  value: 8945.955025963283
