nB:
  composition: 0.05584180594760576
  error: 9.95796927441404
  value: 123.01957988131639
nC:
  composition: 0.18603982526470206
  error: 36.78906079707622
  value: 409.84600617556544
nL:
  composition: 0.758118368787692
  error: 38.381830808070504
  value: 1670.1358712516615
