nFAKE:
  composition: 0.049019075795317564
  error: 3.340608183431961
  value: 6.519595421334916
nSIGN:
  composition: 0.9509809242046824
  error: 11.151570074976405
  value: 126.48159473895949
