nB:
  composition: 0.023921085998557547
  error: 1.5051355161739992
  value: 3.0023965039496012
nC:
  composition: 0.1260873616625774
  error: 8.63007884129771
  value: 15.825546292955886
nFAKE:
  error: 3.3726492537647825
  value: 7.508020389450145
nL:
  composition: 0.849991552338865
  error: 9.855767508652391
  value: 106.68460726585701
