emptyFAKE: 1
nB:
  composition: 0.1
  value: 1.8037433123587743
nC:
  composition: 0.2
  value: 3.6074866247175486
nDATA:
  value: 22.54679140448468
nFAKE:
  composition: 0.2
  value: 4.509358280896936
nL:
  composition: 0.7
  value: 12.62620318651142
nSIGN:
  value: 18.037433123587743
