emptyFAKE: 1
nB:
  composition: 0.1
  value: 0.0006739596278892415
nC:
  composition: 0.2
  value: 0.001347919255778483
nDATA:
  value: 0.008424495348615517
nFAKE:
  composition: 0.2
  value: 0.0016848990697231035
nL:
  composition: 0.7
  value: 0.0047177173952246895
nSIGN:
  value: 0.006739596278892414
