numB:
  composition: 0
  errDn: -7.171449194960614
  errUp: 7.171449194960614
  error: 7.171449194960614
  value: 24.389709014687774
numC:
  composition: 0
  errDn: -30.570177283592983
  errUp: 30.570177283592983
  error: 30.570177283592983
  value: 113.85526977301123
numL:
  composition: 0
  errDn: -34.435347827217754
  errUp: 34.435347827217754
  error: 34.435347827217754
  value: 1036.29201518272
