rB:
  errDn: -0.04568377566008897
  errUp: 0.04568377566008897
  error: 0.04568377566008897
  value: 0.08478473156571227
rC:
  errDn: -0.0043855451292969735
  errUp: 0.0043855451292969735
  error: 0.0043855451292969735
  value: 0.044828036744536885
rL:
  errDn: -0.02225105382292223
  errUp: 0.02225105382292223
  error: 0.02225105382292223
  value: 2.4374588484797643e-06
