numB:
  composition: 0
  errDn: -14.615154579283072
  errUp: 14.615154579283072
  error: 14.615154579283072
  value: 257.18510166860983
numC:
  composition: 0
  errDn: -57.213409956026226
  errUp: 57.213409956026226
  error: 57.213409956026226
  value: 1350.6446737631197
numL:
  composition: 0
  errDn: -85.56690667234125
  errUp: 85.56690667234125
  error: 85.56690667234125
  value: 14972.946417425495
