numB:
  composition: 0
  errDn: -34.60694267049246
  errUp: 34.60694267049246
  error: 34.60694267049246
  value: 1687.8252581130869
numC:
  composition: 0
  errDn: -44.55927561122235
  errUp: 44.55927561122235
  error: 44.55927561122235
  value: 1180.0622794390779
numL:
  composition: 0
  errDn: -35.13485678108657
  errUp: 35.13485678108657
  error: 35.13485678108657
  value: 577.8475102309176
