numB:
  composition: 0
  errDn: -82.36198123533552
  errUp: 82.36198123533552
  error: 82.36198123533552
  value: 636.9798832334869
numC:
  composition: 0
  errDn: -136.1703935153555
  errUp: 136.1703935153555
  error: 136.1703935153555
  value: 10272.673375995555
numL:
  composition: 0
  errDn: -92.4324354562882
  errUp: 92.4324354562882
  error: 92.4324354562882
  value: 2724.991268798474
