numB:
  composition: 0
  errDn: -25.07417055389952
  errUp: 25.07417055389952
  error: 25.07417055389952
  value: 0.9554203520584454
numC:
  composition: 0
  errDn: -21.26416525008275
  errUp: 21.26416525008275
  error: 21.26416525008275
  value: 67.63176300131542
numL:
  composition: 0
  errDn: -21.712975186446243
  errUp: 21.712975186446243
  error: 21.712975186446243
  value: 430.9756780889018
