rB:
  errDn: -0.017835886143855853
  errUp: 0.017835886143855853
  error: 0.017835886143855853
  value: 1.1112774112378987e-13
rC:
  errDn: -0.014283494808197184
  errUp: 0.014283494808197184
  error: 0.014283494808197184
  value: 0.9724389219404539
rL:
  errDn: -0.008332301784119756
  errUp: 0.008332301784119756
  error: 0.008332301784119756
  value: 0.5527902637177191
