numB:
  composition: 0
  errDn: -69.2773271827798
  errUp: 69.2773271827798
  error: 69.2773271827798
  value: 3897.4467066376164
numC:
  composition: 0
  errDn: -71.07232515368037
  errUp: 71.07232515368037
  error: 71.07232515368037
  value: 2180.1360476312943
numL:
  composition: 0
  errDn: -55.72085472297488
  errUp: 55.72085472297488
  error: 55.72085472297488
  value: 1436.4809377060162
