numFAKE:
  composition: 0
  errDn: -37.300636785557685
  errUp: 37.300636785557685
  error: 37.300636785557685
  value: 806.6864095628029
numSIGN:
  composition: 0
  errDn: -90.2335659513592
  errUp: 90.2335659513592
  error: 90.2335659513592
  value: 7519.306525210252
