nFAKE:
  composition: 0.039334265194014804
  error: 28.5114186055919
  value: 463.5933568127918
nSIGN:
  composition: 0.9606657348059853
  error: 108.05109979615554
  value: 11322.39920021439
