nFAKE:
  composition: 0.034683770046075514
  error: 16.290942933300443
  value: 147.09364084837898
nSIGN:
  composition: 0.9653162299539244
  error: 64.85310891499239
  value: 4093.899787864042
