nFAKE:
  composition: 0.03858223409737501
  error: 12.819396562702963
  value: 94.71930660525621
nSIGN:
  composition: 0.961417765902625
  error: 49.203555318747476
  value: 2360.278669048532
