numB:
  composition: 0
  errDn: -8.372323431943212
  errUp: 8.372323431943212
  error: 8.372323431943212
  value: 15.572559381502813
numC:
  composition: 0
  errDn: -16.081388398973452
  errUp: 16.081388398973452
  error: 16.081388398973452
  value: 115.67297716791865
numL:
  composition: 0
  errDn: -12.886236966357764
  errUp: 12.886236966357764
  error: 12.886236966357764
  value: 115.15570566364318
