numB:
  composition: 0
  errDn: -3.737244077072022
  errUp: 3.737244077072022
  error: 3.737244077072022
  value: 9.375675826346052
numC:
  composition: 0
  errDn: -7.74419611298591
  errUp: 7.74419611298591
  error: 7.74419611298591
  value: 20.22503283716504
numL:
  composition: 0
  errDn: -7.815757515369803
  errUp: 7.815757515369803
  error: 7.815757515369803
  value: 61.67313462036456
