numB:
  composition: 0
  errDn: -7.573841985482915
  errUp: 7.573841985482915
  error: 7.573841985482915
  value: 73.90322255161868
numC:
  composition: 0
  errDn: -11.600510051706536
  errUp: 11.600510051706536
  error: 11.600510051706536
  value: 48.789301532543035
numL:
  composition: 0
  errDn: -10.462820738606013
  errUp: 10.462820738606013
  error: 10.462820738606013
  value: 70.16351480700781
