nB:
  composition: 0.01897971990616851
  error: 24.543336434628003
  value: 461.2854455636742
nC:
  composition: 0.11474860608454665
  error: 122.70213075432548
  value: 2788.8642270383293
nFAKE:
  error: 50.92617054880361
  value: 1380.1344305111202
nL:
  composition: 0.866271674009285
  error: 134.4539622295033
  value: 21053.973246185327
