nFAKE:
  composition: 0.04193039447881821
  error: 12.829765606811684
  value: 82.72867503687866
nSIGN:
  composition: 0.9580696055211818
  error: 44.32416342504223
  value: 1890.271485471278
