nB:
  composition: 0.02661163836879
  error: 7.225059058022808
  value: 50.2935891760201
nC:
  composition: 0.21001476424678145
  error: 32.61666804857134
  value: 396.9089060789984
nFAKE:
  error: 12.771853901416549
  value: 83.06478244516705
nL:
  composition: 0.7633735973844286
  error: 35.32491577175597
  value: 1442.707042783954
