nB:
  composition: 0.03010681299581335
  error: 38.42145732344841
  value: 1578.2627477065018
nC:
  composition: 0.14686187944130932
  error: 156.66794512749675
  value: 7698.810013953124
nFAKE:
  error: 95.13993848207792
  value: 3868.8903182982754
nL:
  composition: 0.8230313075628773
  error: 187.44863787409122
  value: 43145.04006462906
