numB:
  composition: 0
  errDn: -11.710715943715186
  errUp: 11.710715943715186
  error: 11.710715943715186
  value: 168.02821226898297
numC:
  composition: 0
  errDn: -28.369498315855793
  errUp: 28.369498315855793
  error: 28.369498315855793
  value: 391.23423755596343
numL:
  composition: 0
  errDn: -26.655861544313666
  errUp: 26.655861544313666
  error: 26.655861544313666
  value: 648.2544485552405
