numB:
  composition: 0
  errDn: -20.366493413580592
  errUp: 20.366493413580592
  error: 20.366493413580592
  value: 36.66439983751476
numC:
  composition: 0
  errDn: -34.570865626157484
  errUp: 34.570865626157484
  error: 34.570865626157484
  value: 532.7766685798942
numL:
  composition: 0
  errDn: -26.872044390907575
  errUp: 26.872044390907575
  error: 26.872044390907575
  value: 453.2806498555728
