numB:
  composition: 0
  errDn: -8.972130531734052
  errUp: 8.972130531734052
  error: 8.972130531734052
  value: 106.90627015971302
numC:
  composition: 0
  errDn: -11.75316201103957
  errUp: 11.75316201103957
  error: 11.75316201103957
  value: 120.0071797793562
numL:
  composition: 0
  errDn: -11.797775169613402
  errUp: 11.797775169613402
  error: 11.797775169613402
  value: 144.550405995039
