numB:
  composition: 0
  errDn: -92.45116013884623
  errUp: 92.45116013884623
  error: 92.45116013884623
  value: 467.01223326002616
numC:
  composition: 0
  errDn: -171.01627988834662
  errUp: 171.01627988834662
  error: 171.01627988834662
  value: 9201.54024459048
numL:
  composition: 0
  errDn: -138.01011832038603
  errUp: 138.01011832038603
  error: 138.01011832038603
  value: 12986.888974678366
