emptyFAKE: 0
nB:
  composition: 0.1
  value: 44.96000000000001
nC:
  composition: 0.2
  value: 89.92000000000002
nDATA:
  value: 562.0
nFAKE:
  composition: 0.2
  value: 112.4
nL:
  composition: 0.7
  value: 314.71999999999997
