numB:
  composition: 0
  errDn: -4.515286515534655
  errUp: 4.515286515534655
  error: 4.515286515534655
  value: 26.365527345258936
numC:
  composition: 0
  errDn: -19.686884918820084
  errUp: 19.686884918820084
  error: 19.686884918820084
  value: 142.09920237281088
numL:
  composition: 0
  errDn: -20.63020021086578
  errUp: 20.63020021086578
  error: 20.63020021086578
  value: 384.83197447238354
