nFAKE:
  composition: 0.048788308751154766
  error: 3.3400641846981003
  value: 6.488902792392515
nSIGN:
  composition: 0.9512116912488453
  error: 11.152559814868368
  value: 126.51228045192173
