nB:
  composition: 0.03185614203548765
  error: 33.91781313704223
  value: 1142.529103026534
nC:
  composition: 0.13926743947141576
  error: 142.5959088259665
  value: 4994.864177929103
nFAKE:
  error: 78.38022234636583
  value: 3090.7323400797623
nL:
  composition: 0.8288764184930966
  error: 168.24764282768774
  value: 29727.875707164763
