numB:
  composition: 0
  errDn: -13.169702095482478
  errUp: 13.169702095482478
  error: 13.169702095482478
  value: 90.23042257729165
numC:
  composition: 0
  errDn: -54.24606329794673
  errUp: 54.24606329794673
  error: 54.24606329794673
  value: 398.65397130174034
numL:
  composition: 0
  errDn: -61.970974568471775
  errUp: 61.970974568471775
  error: 61.970974568471775
  value: 3541.925733413045
