rB:
  error: 0.4069981534039341
  value: 1.1910294727314772
rC:
  error: 0.08888209627337518
  value: 1.101942047048686
rL:
  error: 0.20227815576621305
  value: 1.0400829783048615
