numB:
  composition: 0
  errDn: -18.026861374523207
  errUp: 18.026861374523207
  error: 18.026861374523207
  value: 482.218159356732
numC:
  composition: 0
  errDn: -15.713186315170333
  errUp: 15.713186315170333
  error: 15.713186315170333
  value: 100.55824851528399
numL:
  composition: 0
  errDn: -11.259546778406563
  errUp: 11.259546778406563
  error: 11.259546778406563
  value: 54.6954680473013
