numB:
  composition: 0
  errDn: -11.667463907728232
  errUp: 11.667463907728232
  error: 11.667463907728232
  value: 6.723724813733918e-11
numC:
  composition: 0
  errDn: -32.25224309307441
  errUp: 32.25224309307441
  error: 32.25224309307441
  value: 734.161292168855
numL:
  composition: 0
  errDn: -30.846507347033025
  errUp: 30.846507347033025
  error: 30.846507347033025
  value: 583.8960812221075
