nFAKE:
  composition: 0.07576795455803771
  error: 55.344881295993446
  value: 1451.3353745165339
nSIGN:
  composition: 0.9242320454419624
  error: 139.2531408206687
  value: 17703.667330549517
