nFAKE:
  composition: 0.0657975105812355
  error: 127.4400487992375
  value: 7751.540999415872
nSIGN:
  composition: 0.9342024894187645
  error: 341.28204902134894
  value: 110057.49054206771
