rB:
  errDn: -0.0005946852078312641
  errUp: 0.0005946852078312641
  error: 0.0005946852078312641
  value: 6.3950147261016e-14
rC:
  errDn: -0.0006553572999559914
  errUp: 0.0006553572999559914
  error: 0.0006553572999559914
  value: 5.839660352502385e-13
rL:
  errDn: -0.00315545291095376
  errUp: 0.00315545291095376
  error: 0.00315545291095376
  value: 0.6578651344536889
