numB:
  composition: 0
  errDn: -21.78722247397394
  errUp: 21.78722247397394
  error: 21.78722247397394
  value: 613.4101222133269
numC:
  composition: 0
  errDn: -30.44505666222139
  errUp: 30.44505666222139
  error: 30.44505666222139
  value: 517.8932801884466
numL:
  composition: 0
  errDn: -24.87296935702416
  errUp: 24.87296935702416
  error: 24.87296935702416
  value: 279.3639417205344
