emptyFAKE: 0
nB:
  composition: 0.1
  value: 124.29904017368436
nC:
  composition: 0.2
  value: 248.59808034736872
nDATA:
  value: 1553.7380021710544
nFAKE:
  composition: 0.2
  value: 310.7476004342109
nL:
  composition: 0.7
  value: 870.0932812157904
nSIGN:
  value: 1242.9904017368435
