numB:
  errDn: 18.274767266171807
  errUp: 18.506891785652897
  error: 18.506891785652897
  value: 556.7659301757812
