numC:
  errDn: 19.348630163404835
  errUp: 19.328568944445976
  error: 19.348630163404835
  value: 443.5904541015625
