numC:
  errDn: 288.9302792823711
  errUp: 1.4557930469644589
  error: 288.9302792823711
  value: 646.25
