numL:
  errDn: 16.30392114969993
  errUp: 16.628292583716387
  error: 16.628292583716387
  value: 156.17074584960938
