numB:
  errDn: 376.5324158165899
  errUp: 0.9844566215128907
  error: 376.5324158165899
  value: 766.25
