numB:
  composition: 0
  errDn: -22.770662796859447
  errUp: 22.770662796859447
  error: 22.770662796859447
  value: 47.34404695665045
numC:
  composition: 0
  errDn: -46.727786333321205
  errUp: 46.727786333321205
  error: 46.727786333321205
  value: 528.582740629039
numL:
  composition: 0
  errDn: -39.666059914291964
  errUp: 39.666059914291964
  error: 39.666059914291964
  value: 1833.6987897321628
