numB:
  composition: 0
  errDn: -38.28710101219406
  errUp: 38.28710101219406
  error: 38.28710101219406
  value: 1864.1897379686109
numC:
  composition: 0
  errDn: -81.6702260977213
  errUp: 81.6702260977213
  error: 81.6702260977213
  value: 4384.839181011811
numL:
  composition: 0
  errDn: -71.33647327853896
  errUp: 71.33647327853896
  error: 71.33647327853896
  value: 4062.7608965575705
