numB:
  composition: 0
  errDn: -44.5298676895743
  errUp: 44.5298676895743
  error: 44.5298676895743
  value: 3089.5160282446336
numC:
  composition: 0
  errDn: -55.79103548139801
  errUp: 55.79103548139801
  error: 55.79103548139801
  value: 2416.758408805686
numL:
  composition: 0
  errDn: -43.14254200343706
  errUp: 43.14254200343706
  error: 43.14254200343706
  value: 550.3404810107403
