numB:
  composition: 0
  errDn: -54.14134712652685
  errUp: 54.14134712652685
  error: 54.14134712652685
  value: 1859.1687144593625
numC:
  composition: 0
  errDn: -94.3409798696639
  errUp: 94.3409798696639
  error: 94.3409798696639
  value: 4381.801485951202
numL:
  composition: 0
  errDn: -78.20950684901595
  errUp: 78.20950684901595
  error: 78.20950684901595
  value: 4069.7926396977196
