numB:
  composition: 0
  errDn: -63.24915559137219
  errUp: 63.24915559137219
  error: 63.24915559137219
  value: 595.7042831952646
numC:
  composition: 0
  errDn: -140.16947236816395
  errUp: 140.16947236816395
  error: 140.16947236816395
  value: 8764.201218623955
numL:
  composition: 0
  errDn: -118.3019670769936
  errUp: 118.3019670769936
  error: 118.3019670769936
  value: 13293.136363947708
