numB:
  composition: 0
  errDn: -1.8130582559034396
  errUp: 1.8130582559034396
  error: 1.8130582559034396
  value: 2.8843463461513674
numC:
  composition: 0
  errDn: -4.554299980399504
  errUp: 4.554299980399504
  error: 4.554299980399504
  value: 10.88087360654984
numL:
  composition: 0
  errDn: -5.907738269288288
  errUp: 5.907738269288288
  error: 5.907738269288288
  value: 56.652537429315046
