numC:
  errDn: 3.4147304119395274
  errUp: 3.7900351894472166
  error: 3.7900351894472166
  value: 11.061114311218262
