numC:
  errDn: 3.859833382195056
  errUp: 4.182649134426917
  error: 4.182649134426917
  value: 15.489602088928223
