numL:
  errDn: 4.7780736700914375
  errUp: 5.0021711730491845
  error: 5.0021711730491845
  value: 53.53618240356445
