numB:
  errDn: 1.437681045899999
  errUp: 1.7868868341702244
  error: 1.7868868341702244
  value: 2.289994716644287
