numB:
  errDn: 1.126735625055271
  errUp: 2.70682473675405
  error: 2.70682473675405
  value: 3.0
