numB:
  composition: 0
  errDn: -10.405944267436794
  errUp: 10.405944267436794
  error: 10.405944267436794
  value: 122.80467080963287
numC:
  composition: 0
  errDn: -26.181752092879478
  errUp: 26.181752092879478
  error: 26.181752092879478
  value: 276.2504318191829
numL:
  composition: 0
  errDn: -25.324415608400443
  errUp: 25.324415608400443
  error: 25.324415608400443
  value: 622.3977355741367
