nFAKE:
  composition: 0.054018017009029654
  error: 67.24137694488354
  value: 1666.1317594773757
nSIGN:
  composition: 0.9459819829909704
  error: 180.69697456159338
  value: 29177.86903379249
