nB:
  composition: 0.019245326462433928
  error: 26.40096834867927
  value: 561.0796785286551
nC:
  composition: 0.12546500043038722
  error: 119.01801899306747
  value: 3657.815950562804
nFAKE:
  error: 65.01398908002761
  value: 1689.987880225877
nL:
  composition: 0.8552896731071788
  error: 140.29845121173094
  value: 24935.178718457762
