rB:
  errDn: -0.010209476588133704
  errUp: 0.010209476588133704
  error: 0.010209476588133704
  value: 0.5267618836506843
rC:
  errDn: -0.005257126028236109
  errUp: 0.005257126028236109
  error: 0.005257126028236109
  value: 0.021958734511783123
rL:
  errDn: -0.0024660194826530775
  errUp: 0.0024660194826530775
  error: 0.0024660194826530775
  value: 2.200635457823459e-10
