emptyFAKE: 0
nB:
  composition: 0.1
  value: 344.6582293692698
nC:
  composition: 0.2
  value: 689.3164587385396
nDATA:
  value: 4308.227867115872
nFAKE:
  composition: 0.2
  value: 861.6455734231745
nL:
  composition: 0.7
  value: 2412.6076055848885
nSIGN:
  value: 3446.582293692698
