numC:
  errDn: 25.394460453545435
  errUp: 25.812351820766764
  error: 25.812351820766764
  value: 319.4981689453125
