numC:
  errDn: 1.328837913378095
  errUp: 251.15997314453125
  error: 251.15997314453125
  value: 420.0
