numB:
  errDn: 6.7973588605832305
  errUp: 7.107183481609546
  error: 7.107183481609546
  value: 54.97731399536133
