numB:
  errDn: 46.34499931335449
  errUp: 0.9739674300100631
  error: 46.34499931335449
  value: 77.5
