numL:
  errDn: 37.089891854961934
  errUp: 37.2777174295029
  error: 37.2777174295029
  value: 3448.708251953125
