nFAKE:
  composition: 0.07599065900158762
  error: 2.7632374852095793
  value: 5.547295624459385
nSIGN:
  composition: 0.9240093409984125
  error: 8.08500982855454
  value: 67.45240851474921
