nFAKE:
  composition: 1.1964583798289274e-08
  error: 0.6669699924514363
  value: 5.860692672277068e-07
nSIGN:
  composition: 0.9999999880354161
  error: 24.61658152196609
  value: 48.98367298822626
