numB:
  composition: 0
  errDn: -19.144186272124443
  errUp: 19.144186272124443
  error: 19.144186272124443
  value: 304.51103815582985
numC:
  composition: 0
  errDn: -14.688202548638746
  errUp: 14.688202548638746
  error: 14.688202548638746
  value: 73.10389907959807
numL:
  composition: 0
  errDn: -9.63757538509158
  errUp: 9.63757538509158
  error: 9.63757538509158
  value: 26.703531309116713
