numB:
  composition: 0
  errDn: -6.763196452622136
  errUp: 6.763196452622136
  error: 6.763196452622136
  value: 3.267585101867483
numC:
  composition: 0
  errDn: -17.75396304084779
  errUp: 17.75396304084779
  error: 17.75396304084779
  value: 63.8369542474006
numL:
  composition: 0
  errDn: -18.34409559569633
  errUp: 18.34409559569633
  error: 18.34409559569633
  value: 432.62101168067306
