nFAKE:
  composition: 0.043732202564713656
  error: 8.77413708195407
  value: 42.114393922279106
nSIGN:
  composition: 0.9562677974352863
  error: 30.788886115433286
  value: 920.892073907907
