nFAKE:
  composition: 0.048623756669770875
  error: 5.383468223837438
  value: 18.37985652051712
nSIGN:
  composition: 0.9513762433302291
  error: 19.063287229293962
  value: 359.6217167709965
