nFAKE:
  composition: 0.06053721240568114
  error: 67.46151110663641
  value: 2080.2411439284742
nSIGN:
  composition: 0.9394627875943189
  error: 186.11310147332733
  value: 32282.773954752436
