numB:
  composition: 0
  errDn: -14.3548434345048
  errUp: 14.3548434345048
  error: 14.3548434345048
  value: 291.1924225629339
numC:
  composition: 0
  errDn: -17.038672594709624
  errUp: 17.038672594709624
  error: 17.038672594709624
  value: 192.86693181894557
numL:
  composition: 0
  errDn: -13.469948489096666
  errUp: 13.469948489096666
  error: 13.469948489096666
  value: 98.75349853826532
