emptyFAKE: 0
nB:
  composition: 0.1
  value: 51.44064951991689
nC:
  composition: 0.2
  value: 102.88129903983378
nDATA:
  value: 643.008118998961
nFAKE:
  composition: 0.2
  value: 128.6016237997922
nL:
  composition: 0.7
  value: 360.08454663941814
nSIGN:
  value: 514.4064951991688
