numL:
  errDn: 10.111750318542818
  errUp: 10.391149584682253
  error: 10.391149584682253
  value: 103.52820587158203
