numC:
  errDn: 12.046845955217151
  errUp: 12.32639318484425
  error: 12.32639318484425
  value: 202.21499633789062
