numB:
  errDn: 11.858228981724352
  errUp: 12.110051472061002
  error: 12.110051472061002
  value: 257.7659912109375
