numC:
  errDn: 12.108449036237317
  errUp: 12.365463289139171
  error: 12.365463289139171
  value: 209.5066680908203
