numB:
  errDn: 12.441282361494473
  errUp: 12.707501190738242
  error: 12.707501190738242
  value: 287.01104736328125
