numB:
  composition: 0
  errDn: -21.186291365618473
  errUp: 21.186291365618473
  error: 21.186291365618473
  value: 517.0559777906026
numC:
  composition: 0
  errDn: -80.73409591225823
  errUp: 80.73409591225823
  error: 80.73409591225823
  value: 2712.037237912725
numL:
  composition: 0
  errDn: -113.76974212397909
  errUp: 113.76974212397909
  error: 113.76974212397909
  value: 27420.0045400291
