numB:
  composition: 0
  errDn: -12.831494960407426
  errUp: 12.831494960407426
  error: 12.831494960407426
  value: 235.49464460978174
numC:
  composition: 0
  errDn: -15.855759695280199
  errUp: 15.855759695280199
  error: 15.855759695280199
  value: 154.34883325225658
numL:
  composition: 0
  errDn: -12.632798714703014
  errUp: 12.632798714703014
  error: 12.632798714703014
  value: 114.38825310102271
