numB:
  composition: 0
  errDn: -81.86215933999551
  errUp: 81.86215933999551
  error: 81.86215933999551
  value: 907.1457769461588
numC:
  composition: 0
  errDn: -203.82735716284878
  errUp: 203.82735716284878
  error: 203.82735716284878
  value: 19573.763935047475
numL:
  composition: 0
  errDn: -227.7132192553472
  errUp: 227.7132192553472
  error: 227.7132192553472
  value: 85546.64841333182
