numB:
  composition: 0
  errDn: -20.38734339528216
  errUp: 20.38734339528216
  error: 20.38734339528216
  value: 409.05056676398794
numC:
  composition: 0
  errDn: -82.3635874636866
  errUp: 82.3635874636866
  error: 82.3635874636866
  value: 2347.5386450279893
numL:
  composition: 0
  errDn: -116.86007376555244
  errUp: 116.86007376555244
  error: 116.86007376555244
  value: 24188.69507251523
