nB:
  composition: 0.04478983070019848
  error: 45.00674768813565
  value: 2430.325756636425
nC:
  composition: 0.170181215182414
  error: 161.06679757441907
  value: 9234.144985318593
nL:
  composition: 0.7850289541173875
  error: 179.21471482916604
  value: 42596.18884624154
