nB:
  composition: 0.035016566292542156
  error: 74.05195040410717
  value: 4670.706006281245
nC:
  composition: 0.19277851177143496
  error: 277.0245535669419
  value: 25713.879119112004
nFAKE:
  error: 139.0678312722539
  value: 10698.29061852116
nL:
  composition: 0.7722049219360227
  error: 298.66166514500947
  value: 103001.0234822678
