numB:
  composition: 0
  errDn: -9.744289569765058
  errUp: 9.744289569765058
  error: 9.744289569765058
  value: 4.101049323131907
numC:
  composition: 0
  errDn: -17.267122985665342
  errUp: 17.267122985665342
  error: 17.267122985665342
  value: 54.57337006698292
numL:
  composition: 0
  errDn: -16.451716203885553
  errUp: 16.451716203885553
  error: 16.451716203885553
  value: 278.1075914581177
