numSIGN:
  errDn: 5.067490361231592
  errUp: 5.830121667527379
  error: 5.830121667527379
  value: 27.702547073364258
