numB:
  composition: 0
  errDn: -2.827402999225394
  errUp: 2.827402999225394
  error: 2.827402999225394
  value: 9.34404616688923
numC:
  composition: 0
  errDn: -12.453983755327851
  errUp: 12.453983755327851
  error: 12.453983755327851
  value: 56.442695527386014
numL:
  composition: 0
  errDn: -16.391787886217315
  errUp: 16.391787886217315
  error: 16.391787886217315
  value: 461.9596392927755
