emptyFAKE: 0
nB:
  composition: 0.1
  value: 14.848317454502487
nC:
  composition: 0.2
  value: 29.696634909004974
nDATA:
  value: 185.6039681812811
nFAKE:
  composition: 0.2
  value: 37.12079363625622
nL:
  composition: 0.7
  value: 103.9382221815174
nSIGN:
  value: 148.48317454502487
