numL:
  errDn: 7.424891061258748
  errUp: 7.652935336212906
  error: 7.652935336212906
  value: 117.54554748535156
