numC:
  errDn: 6.2982409526033685
  errUp: 6.622221543357885
  error: 6.622221543357885
  value: 23.462196350097656
