numC:
  errDn: 6.816588634760649
  errUp: 7.107719394747605
  error: 7.107719394747605
  value: 41.43275451660156
