numB:
  errDn: 2.764465174662103
  errUp: 3.1362494821976927
  error: 3.1362494821976927
  value: 10.002264022827148
