numB:
  errDn: 3.2904892107334867
  errUp: 3.6822184376194507
  error: 3.6822184376194507
  value: 14.42938232421875
