numB:
  composition: 0
  errDn: -8.625014631584861
  errUp: 8.625014631584861
  error: 8.625014631584861
  value: 79.05678796563527
numC:
  composition: 0
  errDn: -6.424246384623771
  errUp: 6.424246384623771
  error: 6.424246384623771
  value: 36.364419820397785
numL:
  composition: 0
  errDn: -5.556887989498096
  errUp: 5.556887989498096
  error: 5.556887989498096
  value: 21.691429997692033
