emptyFAKE: 0
nB:
  composition: 0.1
  value: 55.55914031781403
nC:
  composition: 0.2
  value: 111.11828063562805
nDATA:
  value: 694.4892539726752
nFAKE:
  composition: 0.2
  value: 138.89785079453506
nL:
  composition: 0.7
  value: 388.91398222469815
nSIGN:
  value: 555.5914031781402
