numC:
  errDn: 12.534327125910409
  errUp: 12.851480449234202
  error: 12.851480449234202
  value: 192.877197265625
