numB:
  errDn: 11.029580411277294
  errUp: 11.360483785752706
  error: 11.360483785752706
  value: 202.58062744140625
