numC:
  errDn: 12.534666494974289
  errUp: 12.792348507021615
  error: 12.792348507021615
  value: 181.99639892578125
