numB:
  errDn: 11.42054163380081
  errUp: 11.702489522719475
  error: 11.702489522719475
  value: 210.26536560058594
