numL:
  errDn: 12.280409502037429
  errUp: 12.653498274418581
  error: 12.653498274418581
  value: 230.77243041992188
