rB:
  errDn: -0.0020102967677588933
  errUp: 0.0020102967677588933
  error: 0.0020102967677588933
  value: 6.79209889286464e-13
rC:
  errDn: -0.0042916857706059575
  errUp: 0.0042916857706059575
  error: 0.0042916857706059575
  value: 0.7180866358048762
rL:
  errDn: -0.0008096854799894585
  errUp: 0.0008096854799894585
  error: 0.0008096854799894585
  value: 5.581689624389874e-15
