numB:
  composition: 0
  errDn: -34.4517531562384
  errUp: 34.4517531562384
  error: 34.4517531562384
  value: 1729.2136434818435
numC:
  composition: 0
  errDn: -25.013031122064803
  errUp: 25.013031122064803
  error: 25.013031122064803
  value: 348.40046355563794
numL:
  composition: 0
  errDn: -23.65322509911942
  errUp: 23.65322509911942
  error: 23.65322509911942
  value: 50.59510792546056
