numB:
  composition: 0
  errDn: -4.09263385353664
  errUp: 4.09263385353664
  error: 4.09263385353664
  value: 9.500931994315591
numC:
  composition: 0
  errDn: -16.709964741418855
  errUp: 16.709964741418855
  error: 16.709964741418855
  value: 47.79167739734324
numL:
  composition: 0
  errDn: -18.943609112773714
  errUp: 18.943609112773714
  error: 18.943609112773714
  value: 317.8402526215124
