nB:
  composition: 0.01477678508452237
  error: 2.8526725932398076
  value: 6.879112522688021
nC:
  composition: 0.18167206197463234
  error: 21.101315482256638
  value: 84.57472646477507
nFAKE:
  error: 6.01075433925302
  value: 14.467764072759516
nL:
  composition: 0.8035511529408453
  error: 22.006867522235552
  value: 374.0812881284751
