nB:
  composition: 1.8808120516601215e-16
  error: 0.34471966529297204
  value: 5.266295212413841e-15
nC:
  composition: 0.20203205607930666
  error: 4.4522005859810045
  value: 5.65692063034932
nL:
  composition: 0.7979679439206933
  error: 4.97139513926418
  value: 22.343193510590392
