numB:
  composition: 0
  errDn: -0.6691335675070597
  errUp: 0.6691335675070597
  error: 0.6691335675070597
  value: 0.059330563017561795
numC:
  composition: 0
  errDn: -1.028641154051845
  errUp: 1.028641154051845
  error: 1.028641154051845
  value: 0.5553984719493547
numL:
  composition: 0
  errDn: -1.887418485598443
  errUp: 1.887418485598443
  error: 1.887418485598443
  value: 6.326163301640926
