numB:
  composition: 0
  errDn: -34.550438906376826
  errUp: 34.550438906376826
  error: 34.550438906376826
  value: 667.1677771838035
numC:
  composition: 0
  errDn: -73.83155973358396
  errUp: 73.83155973358396
  error: 73.83155973358396
  value: 1951.4826828067576
numL:
  composition: 0
  errDn: -65.91366758142749
  errUp: 65.91366758142749
  error: 65.91366758142749
  value: 2549.4105097713796
