numB:
  composition: 0
  errDn: -25.018537765284407
  errUp: 25.018537765284407
  error: 25.018537765284407
  value: 680.7129819249844
numC:
  composition: 0
  errDn: -61.353320645246754
  errUp: 61.353320645246754
  error: 61.353320645246754
  value: 1889.1277544460836
numL:
  composition: 0
  errDn: -56.779018081771255
  errUp: 56.779018081771255
  error: 56.779018081771255
  value: 2598.7952554721064
