nB:
  composition: 0.2558011898411803
  error: 0.5317654942761714
  value: 0.7674018849641949
nC:
  composition: 1.5422317123410978e-10
  error: 0.4726832150066992
  value: 4.626684980773253e-10
nL:
  composition: 0.7441988100045965
  error: 0.821315714874772
  value: 2.232591529148937
