nB:
  composition: 2.533207768221446e-15
  error: 0.39408318267546966
  value: 8.613194792811418e-14
nC:
  composition: 0.05856693879199314
  error: 2.535067922632234
  value: 1.9913425916432879
nFAKE:
  error: 0.5677405071391437
  value: 1.548517173863284e-14
nL:
  composition: 0.9414330612080043
  error: 3.6257280176015723
  value: 32.009795810275804
