nFAKE:
  composition: 3.996564195548311e-08
  error: 1.4411831363336687
  value: 1.3584001930779183e-06
nSIGN:
  composition: 0.9999999600343581
  error: 25.81135086190888
  value: 33.98919852961892
