nFAKE:
  composition: 0.04301248815802013
  error: 8.766535565377698
  value: 42.066504833070816
nSIGN:
  composition: 0.9569875118419799
  error: 31.03330026954353
  value: 935.9402702813112
