nB:
  composition: 0.03814071636516578
  error: 5.651647014870488
  value: 35.71645411696229
nC:
  composition: 0.14378438092440932
  error: 22.34774877888571
  value: 134.64530122755528
nFAKE:
  error: 8.527814638092202
  value: 41.58016153345871
nL:
  composition: 0.8180749027104249
  error: 23.958767368118004
  value: 766.0772400588938
