rB:
  errDn: -0.0010840641983459473
  errUp: 0.0010840641983459473
  error: 0.0010840641983459473
  value: 1.5719196777563837e-14
rC:
  errDn: -0.008800008106125246
  errUp: 0.008800008106125246
  error: 0.008800008106125246
  value: 0.7148267515478229
rL:
  errDn: -0.005877511655457415
  errUp: 0.005877511655457415
  error: 0.005877511655457415
  value: 0.011722129491682018
