numB:
  composition: 0
  errDn: -10.258910861368832
  errUp: 10.258910861368832
  error: 10.258910861368832
  value: 151.48175720796817
numC:
  composition: 0
  errDn: -14.648142319511607
  errUp: 14.648142319511607
  error: 14.648142319511607
  value: 108.17901048070036
numL:
  composition: 0
  errDn: -12.118245528567066
  errUp: 12.118245528567066
  error: 12.118245528567066
  value: 92.21745480831441
