numB:
  composition: 0
  errDn: -18.522986478017884
  errUp: 18.522986478017884
  error: 18.522986478017884
  value: 27.325036991565117
numC:
  composition: 0
  errDn: -46.797435179181605
  errUp: 46.797435179181605
  error: 46.797435179181605
  value: 790.8308961419359
numL:
  composition: 0
  errDn: -48.09917916409972
  errUp: 48.09917916409972
  error: 48.09917916409972
  value: 3265.524156161985
