numB:
  composition: 0
  errDn: -7.516546747787718
  errUp: 7.516546747787718
  error: 7.516546747787718
  value: 24.26730258584106
numC:
  composition: 0
  errDn: -31.801471579770137
  errUp: 31.801471579770137
  error: 31.801471579770137
  value: 113.20830903985384
numL:
  composition: 0
  errDn: -35.83198993953215
  errUp: 35.83198993953215
  error: 35.83198993953215
  value: 1035.9157664185018
