nB:
  composition: 0.026600187316618874
  error: 7.220111905634866
  value: 50.29174927266542
nC:
  composition: 0.20995337660365052
  error: 32.60835388547946
  value: 396.94918120006776
nFAKE:
  error: 12.753929665094375
  value: 82.32033892323015
nL:
  composition: 0.7634464360797307
  error: 35.27488126603282
  value: 1443.4130214731197
