nB:
  composition: 0.054518554657402594
  error: 2.7425074370803615
  value: 9.322583530823279
nC:
  composition: 0.11836941924110263
  error: 9.3429485356259
  value: 20.240976770289045
nL:
  composition: 0.8271120261014948
  error: 10.231602187521275
  value: 141.43480143842524
