numB:
  composition: 0
  errDn: -4.012821760323061
  errUp: 4.012821760323061
  error: 4.012821760323061
  value: 14.031684593784975
numC:
  composition: 0
  errDn: -17.902892941900674
  errUp: 17.902892941900674
  error: 17.902892941900674
  value: 59.286720721542494
numL:
  composition: 0
  errDn: -20.81665314898808
  errUp: 20.81665314898808
  error: 20.81665314898808
  value: 523.3969001813988
