numB:
  composition: 0
  errDn: -3.1249276636259182
  errUp: 3.1249276636259182
  error: 3.1249276636259182
  value: 2.0241968287552803
numC:
  composition: 0
  errDn: -5.5334473414220415
  errUp: 5.5334473414220415
  error: 5.5334473414220415
  value: 15.13666175260981
numL:
  composition: 0
  errDn: -4.739293112529151
  errUp: 4.739293112529151
  error: 4.739293112529151
  value: 17.135669074161626
