numB:
  composition: 0
  errDn: -22.44435444663634
  errUp: 22.44435444663634
  error: 22.44435444663634
  value: 534.4663623422693
numC:
  composition: 0
  errDn: -54.675036485326245
  errUp: 54.675036485326245
  error: 54.675036485326245
  value: 1459.8736135044617
numL:
  composition: 0
  errDn: -52.74267443761005
  errUp: 52.74267443761005
  error: 52.74267443761005
  value: 2584.164926547145
