numB:
  composition: 0
  errDn: -21.070470722147547
  errUp: 21.070470722147547
  error: 21.070470722147547
  value: 394.1714958448407
numC:
  composition: 0
  errDn: -16.491090923404464
  errUp: 16.491090923404464
  error: 16.491090923404464
  value: 84.19465063210842
numL:
  composition: 0
  errDn: -13.119905364999257
  errUp: 13.119905364999257
  error: 13.119905364999257
  value: 32.81221028158061
