emptyFAKE: 0
nB:
  composition: 0.1
  value: 628.7200000000001
nC:
  composition: 0.2
  value: 1257.4400000000003
nDATA:
  value: 7859.0
nFAKE:
  composition: 0.2
  value: 1571.8000000000002
nL:
  composition: 0.7
  value: 4401.04
