numB:
  composition: 0
  errDn: -14.521084487909818
  errUp: 14.521084487909818
  error: 14.521084487909818
  value: 252.29768362397527
numC:
  composition: 0
  errDn: -67.74149543742021
  errUp: 67.74149543742021
  error: 67.74149543742021
  value: 2097.4165333774454
numL:
  composition: 0
  errDn: -71.57333586321738
  errUp: 71.57333586321738
  error: 71.57333586321738
  value: 5342.292330260509
