nB:
  composition: 0.03155061811906775
  error: 40.710868653234
  value: 1528.9900293850983
nC:
  composition: 0.14306571100974488
  error: 174.20988966602226
  value: 6933.17781779336
nFAKE:
  error: 85.89805125893099
  value: 4931.759725341077
nL:
  composition: 0.8253836708711875
  error: 185.3166641007083
  value: 39999.32421027974
