nB:
  composition: 0.029923429919667014
  error: 25.617932617586234
  value: 694.4928168624465
nC:
  composition: 0.12232569165474767
  error: 108.88065753509318
  value: 2839.056699048962
nL:
  composition: 0.8477508784255854
  error: 123.66585403559657
  value: 19675.448206839446
