nB:
  composition: 0.031512337257771424
  error: 43.055307834682594
  value: 1527.1312790105148
nC:
  composition: 0.14330965085326416
  error: 196.69016142238434
  value: 6944.983122384018
nFAKE:
  error: 91.30235852974829
  value: 4931.870965663927
nL:
  composition: 0.8251780118889644
  error: 201.96877527365723
  value: 39989.26332881179
