numB:
  composition: 0
  errDn: -42.141849920917444
  errUp: 42.141849920917444
  error: 42.141849920917444
  value: 76.72780796903746
numC:
  composition: 0
  errDn: -79.20015444756609
  errUp: 79.20015444756609
  error: 79.20015444756609
  value: 1186.0545109424288
numL:
  composition: 0
  errDn: -65.90667128157702
  errUp: 65.90667128157702
  error: 65.90667128157702
  value: 4805.285649801328
