nFAKE:
  composition: 0.038779089869073614
  error: 9.049767652594241
  value: 43.742590001036156
nSIGN:
  composition: 0.9612209101309264
  error: 33.36802637449205
  value: 1084.251649903004
