nB:
  composition: 0.03507350465901832
  error: 6.929061671894425
  value: 38.03035385357745
nC:
  composition: 0.1687136669628994
  error: 28.749180378775975
  value: 182.93696386807756
nFAKE:
  error: 8.992123059008556
  value: 43.67086536425613
nL:
  composition: 0.7962128283780823
  error: 29.477430808313898
  value: 863.3370374691185
