nFAKE:
  composition: 0.034248314413459276
  error: 6.15521101165027
  value: 19.316062255235853
nSIGN:
  composition: 0.9657516855865408
  error: 23.52205159796864
  value: 544.6843151661071
