nFAKE:
  composition: 0.032960134847467445
  error: 12.573710722955113
  value: 76.43452126636203
nSIGN:
  composition: 0.9670398651525326
  error: 48.10470414274437
  value: 2242.5645247049265
