numB:
  composition: 0
  errDn: -25.725760592041553
  errUp: 25.725760592041553
  error: 25.725760592041553
  value: 390.44456516885447
numC:
  composition: 0
  errDn: -96.63614656064578
  errUp: 96.63614656064578
  error: 96.63614656064578
  value: 2476.9931869471484
numL:
  composition: 0
  errDn: -135.82200493347227
  errUp: 135.82200493347227
  error: 135.82200493347227
  value: 24057.8639739258
