numB:
  composition: 0
  errDn: -16.156760816333133
  errUp: 16.156760816333133
  error: 16.156760816333133
  value: 305.7203518272594
numC:
  composition: 0
  errDn: -71.68399199608461
  errUp: 71.68399199608461
  error: 71.68399199608461
  value: 2680.962288953833
numL:
  composition: 0
  errDn: -79.58975389679335
  errUp: 79.58975389679335
  error: 79.58975389679335
  value: 7751.76748199893
