emptyFAKE: 0
nB:
  composition: 0.1
  value: 8.96
nC:
  composition: 0.2
  value: 17.92
nDATA:
  value: 112.0
nFAKE:
  composition: 0.2
  value: 22.400000000000002
nL:
  composition: 0.7
  value: 62.72
nSIGN:
  value: 89.60000000000001
