numB:
  composition: 0
  errDn: -1.130451540749978
  errUp: 1.130451540749978
  error: 1.130451540749978
  value: 2.2197600794152335
numC:
  composition: 0
  errDn: -7.085222984543787
  errUp: 7.085222984543787
  error: 7.085222984543787
  value: 25.60559009764356
numL:
  composition: 0
  errDn: -8.295691623519808
  errUp: 8.295691623519808
  error: 8.295691623519808
  value: 83.2053282063115
