numSIGN:
  errDn: 10.176799259632375
  errUp: 10.844748941479125
  error: 10.844748941479125
  value: 100.75790405273438
