numFAKE:
  errDn: 0.7326756575215424
  errUp: 0.749250054359436
  error: 0.749250054359436
  value: 1.25
