numC:
  errDn: 4.945807365917922
  errUp: 5.174609706677391
  error: 5.174609706677391
  value: 25.859241485595703
