numSIGN:
  errDn: 10.192604871362803
  errUp: 10.883858310268153
  error: 10.883858310268153
  value: 110.50338745117188
