numL:
  errDn: 5.803259394664977
  errUp: 5.96876873262724
  error: 5.96876873262724
  value: 74.3316421508789
