numB:
  errDn: 0.8986933092160496
  errUp: 1.2173222757609312
  error: 1.2173222757609312
  value: 2.022191286087036
