numC:
  errDn: 5.288850132278796
  errUp: 5.56981566957235
  error: 5.56981566957235
  value: 37.43338394165039
