numFAKE:
  errDn: 1.3530285445325694
  errUp: 0.001773238182067871
  error: 1.3530285445325694
  value: 1.9974768161773682
