numB:
  errDn: 0.8578348577810322
  errUp: 1.498500108718872
  error: 1.498500108718872
  value: 2.5
