numFAKE:
  composition: 0
  errDn: -1.9236283691253704
  errUp: 1.9236283691253704
  error: 1.9236283691253704
  value: 1.9342051077284221
numSIGN:
  composition: 0
  errDn: -13.592789648915272
  errUp: 13.592789648915272
  error: 13.592789648915272
  value: 110.06587402320066
