numB:
  composition: 0
  errDn: -1.1284115893583855
  errUp: 1.1284115893583855
  error: 1.1284115893583855
  value: 2.2184843228329267
numC:
  composition: 0
  errDn: -7.049336976088751
  errUp: 7.049336976088751
  error: 7.049336976088751
  value: 25.47432722909229
numL:
  composition: 0
  errDn: -8.262313103228408
  errUp: 8.262313103228408
  error: 8.262313103228408
  value: 82.23777368627795
