numL:
  errDn: 2.5895164936361272
  errUp: 2.8238254265385585
  error: 2.8238254265385585
  value: 17.864429473876953
