numB:
  errDn: 0.7514332548994915
  errUp: 1.060893501305801
  error: 1.060893501305801
  value: 1.4005893468856812
