numC:
  errDn: 2.0363549454093035
  errUp: 2.361464787942139
  error: 2.361464787942139
  value: 4.429538726806641
