numB:
  composition: 0
  errDn: -12.217499245206284
  errUp: 12.217499245206284
  error: 12.217499245206284
  value: 177.1616845634314
numC:
  composition: 0
  errDn: -48.43674101961216
  errUp: 48.43674101961216
  error: 48.43674101961216
  value: 908.9767672895858
numL:
  composition: 0
  errDn: -62.315821322333704
  errUp: 62.315821322333704
  error: 62.315821322333704
  value: 6690.386554049654
