numB:
  composition: 0
  errDn: -20.296310811067855
  errUp: 20.296310811067855
  error: 20.296310811067855
  value: 501.0753282780776
numC:
  composition: 0
  errDn: -44.46863068330583
  errUp: 44.46863068330583
  error: 44.46863068330583
  value: 1134.4310344012708
numL:
  composition: 0
  errDn: -40.71993349641696
  errUp: 40.71993349641696
  error: 40.71993349641696
  value: 1483.452306098923
