nFAKE:
  composition: 0.03546348808071215
  error: 8.60919874992279
  value: 35.74716712199029
nSIGN:
  composition: 0.9645365119192878
  error: 31.636358173402016
  value: 972.252018988313
