numB:
  composition: 0
  errDn: -27.72698135390766
  errUp: 27.72698135390766
  error: 27.72698135390766
  value: 476.7245607156552
numC:
  composition: 0
  errDn: -45.412646773837196
  errUp: 45.412646773837196
  error: 45.412646773837196
  value: 991.2121093775291
numL:
  composition: 0
  errDn: -42.26066843121259
  errUp: 42.26066843121259
  error: 42.26066843121259
  value: 1661.4820935679625
