nFAKE:
  composition: 0.04118769747511288
  error: 12.79368351408607
  value: 81.26332876324899
nSIGN:
  composition: 0.958812302524887
  error: 44.332364045992676
  value: 1891.7367111722506
