nFAKE:
  composition: 0.04452734445109732
  error: 6.154215560560174
  value: 18.657110902089595
nSIGN:
  composition: 0.9554726555489027
  error: 20.293315219958714
  value: 400.3463381488635
