nFAKE:
  composition: 0.053618856643653054
  error: 8.59429029217149
  value: 37.425959676896674
nSIGN:
  composition: 0.9463811433563469
  error: 26.278176793016257
  value: 660.573998166793
