emptyFAKE: 0
nB:
  composition: 0.1
  value: 89.90997984968853
nC:
  composition: 0.2
  value: 179.81995969937705
nDATA:
  value: 1123.8747481211064
nFAKE:
  composition: 0.2
  value: 224.7749496242213
nL:
  composition: 0.7
  value: 629.3698589478196
nSIGN:
  value: 899.0997984968852
