numB:
  composition: 0
  errDn: -10.721076372151366
  errUp: 10.721076372151366
  error: 10.721076372151366
  value: 122.80706828854076
numC:
  composition: 0
  errDn: -26.460225876601356
  errUp: 26.460225876601356
  error: 26.460225876601356
  value: 275.8823379920366
numL:
  composition: 0
  errDn: -25.524268702214783
  errUp: 25.524268702214783
  error: 25.524268702214783
  value: 622.688779063171
