numC:
  errDn: 16.804321907093026
  errUp: 17.079123731613777
  error: 17.079123731613777
  value: 296.9392395019531
