numL:
  errDn: 17.62673057499228
  errUp: 17.726120298891033
  error: 17.726120298891033
  value: 600.5061645507812
