numB:
  errDn: 9.264942669872369
  errUp: 9.59555787207286
  error: 9.59555787207286
  value: 118.29114532470703
