numC:
  errDn: 16.900389488205604
  errUp: 17.030907229053923
  error: 17.030907229053923
  value: 258.4293518066406
