numB:
  errDn: 10.029627727877227
  errUp: 10.365041307916329
  error: 10.365041307916329
  value: 148.26324462890625
