numB:
  composition: 0
  errDn: -25.56469114337986
  errUp: 25.56469114337986
  error: 25.56469114337986
  value: 392.3515129340682
numC:
  composition: 0
  errDn: -44.34480523863107
  errUp: 44.34480523863107
  error: 44.34480523863107
  value: 923.9564740276735
numL:
  composition: 0
  errDn: -40.3704941954976
  errUp: 40.3704941954976
  error: 40.3704941954976
  value: 1429.3550939934808
