numB:
  composition: 0
  errDn: -0.6206755520769887
  errUp: 0.6206755520769887
  error: 0.6206755520769887
  value: 0.43290899269280403
numC:
  composition: 0
  errDn: -1.088287727064565
  errUp: 1.088287727064565
  error: 1.088287727064565
  value: 0.7022377470755686
numL:
  composition: 0
  errDn: -1.5146438503250435
  errUp: 1.5146438503250435
  error: 1.5146438503250435
  value: 3.659793218714883
