numB:
  composition: 0
  errDn: -60.90765873465739
  errUp: 60.90765873465739
  error: 60.90765873465739
  value: 1930.2924897949379
numC:
  composition: 0
  errDn: -206.9169514888963
  errUp: 206.9169514888963
  error: 206.9169514888963
  value: 10878.395251754298
numL:
  composition: 0
  errDn: -257.70833173420397
  errUp: 257.70833173420397
  error: 257.70833173420397
  value: 66280.26886763847
