numB:
  composition: 0
  errDn: -25.53894461326928
  errUp: 25.53894461326928
  error: 25.53894461326928
  value: 612.3132597280081
numC:
  composition: 0
  errDn: -100.26100556556867
  errUp: 100.26100556556867
  error: 100.26100556556867
  value: 3104.3539039267675
numL:
  composition: 0
  errDn: -123.24032620142134
  errUp: 123.24032620142134
  error: 123.24032620142134
  value: 23137.93401263127
