numB:
  composition: 0
  errDn: -2.8767455640693727
  errUp: 2.8767455640693727
  error: 2.8767455640693727
  value: 9.262344232357554
numC:
  composition: 0
  errDn: -6.920782371173757
  errUp: 6.920782371173757
  error: 6.920782371173757
  value: 21.698603362856495
numL:
  composition: 0
  errDn: -7.09019447999621
  errUp: 7.09019447999621
  error: 7.09019447999621
  value: 60.034527088379576
