numB:
  composition: 0
  errDn: -13.517703705292273
  errUp: 13.517703705292273
  error: 13.517703705292273
  value: 41.601643543311674
numC:
  composition: 0
  errDn: -29.9839585828301
  errUp: 29.9839585828301
  error: 29.9839585828301
  value: 523.1997994783513
numL:
  composition: 0
  errDn: -24.76050205363117
  errUp: 24.76050205363117
  error: 24.76050205363117
  value: 458.58101445467963
